29 0.9996936274509803 0.247140522875817 0.9996936274509803 0.32230392156862747 0.9972426470588235 0.3227124183006536 0.9810049019607843 0.32107843137254904 0.9800857843137255 0.3145424836601307 0.9834558823529411 0.25245098039215685 0.9895833333333334 0.24754901960784315 0.9993872549019608 0.247140522875817
29 0.26378676470588236 0.551062091503268 0.2708333333333333 0.553921568627451 0.27236519607843135 0.5714869281045751 0.27389705882352944 0.5780228758169934 0.27941176470588236 0.5812908496732027 0.27910539215686275 0.5906862745098039 0.2757352941176471 0.5890522875816994 0.27328431372549017 0.5923202614379085 0.2702205882352941 0.6033496732026143 0.25857843137254904 0.6029411764705882 0.25183823529411764 0.6053921568627451 0.24142156862745098 0.6029411764705882 0.23805147058823528 0.5984477124183006 0.23713235294117646 0.5804738562091504 0.23988970588235295 0.5641339869281046 0.24540441176470587 0.5526960784313726 0.26348039215686275 0.551062091503268
29 0.2974877450980392 0.20098039215686275 0.30667892156862747 0.20547385620915032 0.30943627450980393 0.21119281045751634 0.3115808823529412 0.289624183006536 0.31066176470588236 0.3014705882352941 0.3072916666666667 0.30800653594771243 0.27910539215686275 0.30718954248366015 0.27481617647058826 0.30392156862745096 0.27450980392156865 0.2099673202614379 0.2815563725490196 0.20179738562091504 0.2971813725490196 0.20098039215686275
29 0.6173406862745098 0.5845588235294118 0.6219362745098039 0.5910947712418301 0.6228553921568627 0.6274509803921569 0.6210171568627451 0.6858660130718954 0.6182598039215687 0.6875 0.5909926470588235 0.6875 0.5885416666666666 0.6858660130718954 0.5876225490196079 0.6809640522875817 0.5891544117647058 0.6421568627450981 0.5876225490196079 0.6229575163398693 0.5900735294117647 0.5894607843137255 0.5952818627450981 0.5825163398692811 0.6096813725490197 0.5821078431372549 0.6170343137254902 0.5845588235294118
29 0.7981004901960784 0.2152777777777778 0.8036151960784313 0.22058823529411764 0.8002450980392157 0.2994281045751634 0.7965686274509803 0.31576797385620914 0.7849264705882353 0.31781045751633985 0.7760416666666666 0.3174019607843137 0.7729779411764706 0.31413398692810457 0.7696078431372549 0.29248366013071897 0.7659313725490197 0.2867647058823529 0.7683823529411765 0.22426470588235295 0.7702205882352942 0.2193627450980392 0.7754289215686274 0.21568627450980393 0.7977941176470589 0.2152777777777778
29 0.18259803921568626 0.5686274509803921 0.19669117647058823 0.5747549019607843 0.19638480392156862 0.5947712418300654 0.20036764705882354 0.6090686274509803 0.20036764705882354 0.6200980392156863 0.19944852941176472 0.6225490196078431 0.19607843137254902 0.619281045751634 0.19454656862745098 0.6229575163398693 0.1948529411764706 0.6299019607843137 0.19730392156862744 0.633578431372549 0.18658088235294118 0.6380718954248366 0.18198529411764705 0.6486928104575164 0.18259803921568626 0.625 0.17892156862745098 0.6058006535947712 0.1792279411764706 0.5890522875816994 0.17493872549019607 0.5837418300653595 0.16299019607843138 0.5812908496732027 0.16237745098039216 0.5780228758169934 0.16513480392156862 0.5743464052287581 0.18229166666666666 0.5686274509803921
29 0.6927083333333334 0.23570261437908496 0.6991421568627451 0.23733660130718953 0.7009803921568627 0.24101307189542484 0.7003676470588235 0.26919934640522875 0.6963848039215687 0.272875816993464 0.6927083333333334 0.27124183006535946 0.6924019607843137 0.2361111111111111
29 0.6966911764705882 0.5849673202614379 0.7068014705882353 0.5882352941176471 0.7104779411764706 0.5980392156862745 0.7089460784313726 0.6258169934640523 0.7113970588235294 0.6348039215686274 0.7086397058823529 0.6478758169934641 0.7064950980392157 0.6834150326797386 0.7049632352941176 0.6883169934640523 0.7006740196078431 0.6895424836601307 0.6783088235294118 0.6887254901960784 0.6764705882352942 0.6838235294117647 0.6749387254901961 0.6584967320261438 0.6767769607843137 0.6478758169934641 0.6761642156862745 0.613562091503268 0.6786151960784313 0.5882352941176471 0.6963848039215687 0.5849673202614379
29 0.8045343137254902 0.1687091503267974 0.8137254901960784 0.17483660130718953 0.8177083333333334 0.1854575163398693 0.8177083333333334 0.19321895424836602 0.8131127450980392 0.2099673202614379 0.8069852941176471 0.21486928104575165 0.7760416666666666 0.21405228758169934 0.7677696078431373 0.21772875816993464 0.7555147058823529 0.21037581699346405 0.7579656862745098 0.19607843137254902 0.7925857843137255 0.1707516339869281 0.8042279411764706 0.1687091503267974
29 0.5643382352941176 0.4616013071895425 0.5723039215686274 0.46772875816993464 0.578125 0.4812091503267974 0.5814950980392157 0.4950980392156863 0.5811887254901961 0.5151143790849673 0.578125 0.5236928104575164 0.5588235294117647 0.5257352941176471 0.546875 0.5253267973856209 0.5438112745098039 0.5228758169934641 0.5435049019607843 0.49754901960784315 0.5477941176470589 0.4758986928104575 0.5572916666666666 0.46486928104575165 0.5640318627450981 0.4616013071895425
29 0.6825980392156863 0.5755718954248366 0.6936274509803921 0.5825163398692811 0.6930147058823529 0.5849673202614379 0.6838235294117647 0.5874183006535948 0.6807598039215687 0.5927287581699346 0.6773897058823529 0.610702614379085 0.6776960784313726 0.6474673202614379 0.6752450980392157 0.6642156862745098 0.6685049019607843 0.6580882352941176 0.6675857843137255 0.6544117647058824 0.6666666666666666 0.616421568627451 0.6681985294117647 0.5947712418300654 0.6611519607843137 0.5804738562091504 0.6645220588235294 0.576797385620915 0.6688112745098039 0.5788398692810458 0.6822916666666666 0.5755718954248366
29 0.034926470588235295 0.14665032679738563 0.048100490196078434 0.1503267973856209 0.05238970588235294 0.15441176470588236 0.0508578431372549 0.1715686274509804 0.041666666666666664 0.1744281045751634 0.03553921568627451 0.17973856209150327 0.03216911764705882 0.18790849673202614 0.03002450980392157 0.2034313725490196 0.026041666666666668 0.2062908496732026 0.010416666666666666 0.20588235294117646 0.0070465686274509805 0.20302287581699346 0.006433823529411764 0.15073529411764705 0.015625 0.1454248366013072 0.03462009803921569 0.14665032679738563
29 0.8541666666666666 0 0.8823529411764706 0 0.8838848039215687 0.018790849673202614 0.8814338235294118 0.06372549019607843 0.8556985294117647 0.06495098039215687 0.8535539215686274 0.061274509803921566 0.8541666666666666 0.0004084967320261438
29 0.3244485294117647 0.1642156862745098 0.3290441176470588 0.16748366013071894 0.3388480392156863 0.18178104575163398 0.34528186274509803 0.19444444444444445 0.34589460784313725 0.20220588235294118 0.3238357843137255 0.2034313725490196 0.3174019607843137 0.20874183006535948 0.3118872549019608 0.20669934640522875 0.3069852941176471 0.2005718954248366 0.3020833333333333 0.18668300653594772 0.3017769607843137 0.17851307189542484 0.30606617647058826 0.16911764705882354 0.31035539215686275 0.16544117647058823 0.3241421568627451 0.1642156862745098
29 0.5165441176470589 0.2079248366013072 0.5193014705882353 0.21609477124183007 0.5211397058823529 0.2426470588235294 0.5214460784313726 0.2875816993464052 0.5193014705882353 0.30923202614379086 0.5159313725490197 0.31209150326797386 0.4877450980392157 0.3112745098039216 0.4849877450980392 0.30718954248366015 0.4846813725490196 0.29330065359477125 0.4849877450980392 0.24101307189542484 0.4877450980392157 0.21446078431372548 0.49111519607843135 0.20874183006535948 0.49846813725490197 0.2062908496732026 0.5162377450980392 0.2079248366013072
29 0.2034313725490196 0.5629084967320261 0.20710784313725492 0.5678104575163399 0.20925245098039216 0.622140522875817 0.20710784313725492 0.633578431372549 0.20128676470588236 0.6348039215686274 0.19424019607843138 0.633578431372549 0.19424019607843138 0.5751633986928104 0.18321078431372548 0.5674019607843137 0.1878063725490196 0.5629084967320261 0.203125 0.5629084967320261
29 0.7242647058823529 0.5845588235294118 0.7411151960784313 0.5874183006535948 0.7460171568627451 0.5951797385620915 0.7466299019607843 0.6348039215686274 0.7432598039215687 0.6723856209150327 0.7444852941176471 0.6879084967320261 0.7380514705882353 0.6899509803921569 0.7175245098039216 0.6895424836601307 0.7150735294117647 0.684640522875817 0.7120098039215687 0.6576797385620915 0.7126225490196079 0.5943627450980392 0.7156862745098039 0.5870098039215687 0.7239583333333334 0.5845588235294118
29 0.9745710784313726 0.1213235294117647 0.9822303921568627 0.12295751633986927 0.984375 0.12990196078431374 0.9797794117647058 0.19362745098039216 0.9782475490196079 0.19607843137254902 0.9522058823529411 0.19566993464052287 0.9476102941176471 0.19281045751633988 0.9540441176470589 0.1270424836601307 0.9592524509803921 0.12254901960784313 0.9742647058823529 0.1213235294117647
29 0.3753063725490196 0.14624183006535948 0.3799019607843137 0.14787581699346405 0.3872549019607843 0.15645424836601307 0.3912377450980392 0.17197712418300654 0.3872549019607843 0.20383986928104575 0.3707107843137255 0.20588235294117646 0.36611519607843135 0.20465686274509803 0.3642769607843137 0.2005718954248366 0.3590686274509804 0.17769607843137256 0.3581495098039216 0.1642156862745098 0.3627450980392157 0.15073529411764705 0.375 0.14624183006535948
29 0.5266544117647058 0.46078431372549017 0.5379901960784313 0.47344771241830064 0.5416666666666666 0.5061274509803921 0.5413602941176471 0.5224673202614379 0.5376838235294118 0.5245098039215687 0.5049019607843137 0.5228758169934641 0.5 0.5187908496732027 0.5006127450980392 0.4918300653594771 0.5036764705882353 0.477124183006536 0.5180759803921569 0.4624183006535948 0.5263480392156863 0.46078431372549017
29 0.16758578431372548 0.5788398692810458 0.17800245098039216 0.5804738562091504 0.18075980392156862 0.5845588235294118 0.1801470588235294 0.6070261437908496 0.18535539215686275 0.6372549019607843 0.18382352941176472 0.6482843137254902 0.1792279411764706 0.6548202614379085 0.171875 0.6593137254901961 0.17034313725490197 0.6540032679738562 0.17432598039215685 0.6258169934640523 0.17095588235294118 0.5951797385620915 0.16574754901960784 0.5878267973856209 0.15104166666666666 0.5849673202614379 0.15410539215686275 0.5812908496732027 0.16727941176470587 0.5788398692810458
29 0.9424019607843137 0.11887254901960784 0.9509803921568627 0.12295751633986927 0.9522058823529411 0.1352124183006536 0.9476102941176471 0.19158496732026145 0.9393382352941176 0.19566993464052287 0.9169730392156863 0.1940359477124183 0.914828431372549 0.19240196078431374 0.914828431372549 0.18504901960784315 0.9185049019607843 0.12540849673202614 0.9215686274509803 0.1213235294117647 0.9420955882352942 0.11887254901960784
29 0.609375 0.46282679738562094 0.6197916666666666 0.47344771241830064 0.6216299019607843 0.5191993464052288 0.616421568627451 0.5228758169934641 0.5934436274509803 0.5241013071895425 0.5818014705882353 0.5224673202614379 0.5821078431372549 0.49060457516339867 0.5857843137254902 0.4840686274509804 0.5882352941176471 0.4701797385620915 0.6090686274509803 0.46282679738562094
29 0.16513480392156862 0.5874183006535948 0.1724877450980392 0.5947712418300654 0.17432598039215685 0.622140522875817 0.16727941176470587 0.6895424836601307 0.1645220588235294 0.6948529411764706 0.1488970588235294 0.696078431372549 0.14215686274509803 0.6956699346405228 0.13939950980392157 0.6928104575163399 0.13756127450980393 0.6409313725490197 0.13909313725490197 0.6339869281045751 0.13878676470588236 0.5951797385620915 0.140625 0.5910947712418301 0.14705882352941177 0.5870098039215687 0.16482843137254902 0.5874183006535948
29 0.09283088235294118 0.2107843137254902 0.10477941176470588 0.2128267973856209 0.10814950980392157 0.21691176470588236 0.109375 0.22549019607843138 0.11060049019607843 0.29697712418300654 0.10814950980392157 0.2994281045751634 0.09987745098039216 0.29983660130718953 0.07322303921568628 0.29697712418300654 0.07230392156862746 0.21650326797385622 0.07598039215686274 0.21119281045751634 0.09252450980392157 0.2107843137254902
29 0.1412377450980392 0.21405228758169934 0.14613970588235295 0.2193627450980392 0.14705882352941177 0.2965686274509804 0.14491421568627452 0.3002450980392157 0.13541666666666666 0.30106209150326796 0.11519607843137254 0.3002450980392157 0.11121323529411764 0.2965686274509804 0.11029411764705882 0.21895424836601307 0.11274509803921569 0.2136437908496732 0.11642156862745098 0.21200980392156862 0.1409313725490196 0.21405228758169934
29 0.4255514705882353 0.46977124183006536 0.43014705882352944 0.477124183006536 0.43167892156862747 0.49060457516339867 0.43075980392156865 0.5175653594771242 0.42800245098039214 0.5216503267973857 0.41452205882352944 0.5208333333333334 0.4114583333333333 0.5155228758169934 0.41421568627450983 0.4714052287581699 0.4252450980392157 0.46977124183006536
29 0.7254901960784313 0.2013888888888889 0.7334558823529411 0.20261437908496732 0.734375 0.2128267973856209 0.7261029411764706 0.2238562091503268 0.7254901960784313 0.24101307189542484 0.7132352941176471 0.24918300653594772 0.710171568627451 0.24305555555555555 0.7120098039215687 0.20669934640522875 0.7144607843137255 0.20302287581699346 0.7251838235294118 0.2013888888888889
29 0.37714460784313725 0.2042483660130719 0.3900122549019608 0.20588235294117646 0.39889705882352944 0.21650326797385622 0.39705882352941174 0.2201797385620915 0.39950980392156865 0.2479575163398693 0.39797794117647056 0.25449346405228757 0.39859068627450983 0.29248366013071897 0.39767156862745096 0.30637254901960786 0.3939950980392157 0.3088235294117647 0.36550245098039214 0.3088235294117647 0.3633578431372549 0.306781045751634 0.36151960784313725 0.2757352941176471 0.3642769607843137 0.20955882352941177 0.36703431372549017 0.20465686274509803 0.37683823529411764 0.2042483660130719
29 0.8606004901960784 0.24468954248366012 0.8737745098039216 0.24632352941176472 0.8780637254901961 0.2540849673202614 0.8771446078431373 0.2908496732026144 0.8786764705882353 0.31209150326797386 0.8780637254901961 0.31699346405228757 0.8740808823529411 0.31862745098039214 0.8581495098039216 0.31781045751633985 0.8566176470588235 0.31495098039215685 0.8538602941176471 0.24754901960784315 0.8602941176470589 0.24468954248366012
29 0.4221813725490196 0.20383986928104575 0.43443627450980393 0.20547385620915032 0.43903186274509803 0.21241830065359477 0.4411764705882353 0.25163398692810457 0.44025735294117646 0.29248366013071897 0.43566176470588236 0.31086601307189543 0.4102328431372549 0.3088235294117647 0.4065563725490196 0.3059640522875817 0.4053308823529412 0.2581699346405229 0.4074754901960784 0.21609477124183007 0.41268382352941174 0.20547385620915032 0.421875 0.20383986928104575
29 0.7711397058823529 0.5861928104575164 0.7784926470588235 0.5902777777777778 0.7806372549019608 0.5972222222222222 0.7794117647058824 0.6662581699346405 0.7772671568627451 0.6862745098039216 0.7738970588235294 0.6899509803921569 0.7549019607843137 0.6899509803921569 0.7533700980392157 0.6879084967320261 0.7460171568627451 0.641748366013072 0.7487745098039216 0.5943627450980392 0.7506127450980392 0.5882352941176471 0.7598039215686274 0.5849673202614379 0.7708333333333334 0.5861928104575164
29 0.2650122549019608 0.4644607843137255 0.26868872549019607 0.4665032679738562 0.2708333333333333 0.47181372549019607 0.27297794117647056 0.5118464052287581 0.27267156862745096 0.5191993464052288 0.265625 0.5208333333333334 0.2417279411764706 0.5200163398692811 0.23529411764705882 0.5155228758169934 0.23651960784313725 0.48651960784313725 0.24050245098039216 0.4701797385620915 0.25 0.4652777777777778 0.2647058823529412 0.4644607843137255
29 0.2034313725490196 0.20098039215686275 0.22058823529411764 0.20302287581699346 0.22457107843137256 0.20547385620915032 0.2267156862745098 0.21037581699346405 0.22977941176470587 0.27736928104575165 0.22426470588235295 0.30637254901960786 0.19852941176470587 0.3059640522875817 0.19424019607843138 0.3035130718954248 0.19240196078431374 0.2622549019607843 0.19424019607843138 0.21241830065359477 0.19607843137254902 0.20383986928104575 0.203125 0.20098039215686275
29 0.5088848039215687 0.15931372549019607 0.5189950980392157 0.16911764705882354 0.5214460784313726 0.1781045751633987 0.5217524509803921 0.1895424836601307 0.5193014705882353 0.20179738562091504 0.5125612745098039 0.20588235294117646 0.49203431372549017 0.20383986928104575 0.4889705882352941 0.198937908496732 0.4877450980392157 0.18872549019607843 0.4895833333333333 0.1744281045751634 0.49417892156862747 0.16584967320261437 0.5009191176470589 0.15931372549019607 0.508578431372549 0.15931372549019607
29 0.9868259803921569 0 0.9996936274509803 0 0.9996936274509803 0.06862745098039216 0.9877450980392157 0.06862745098039216 0.9837622549019608 0.06495098039215687 0.9859068627450981 0.026143790849673203 0.9846813725490197 0.010212418300653595 0.9868259803921569 0.0004084967320261438
29 0.057291666666666664 0.15808823529411764 0.06740196078431372 0.1613562091503268 0.07689950980392157 0.17197712418300654 0.06770833333333333 0.1895424836601307 0.06525735294117647 0.18504901960784315 0.0508578431372549 0.1744281045751634 0.052083333333333336 0.1613562091503268 0.05698529411764706 0.15808823529411764
29 0 0.14787581699346405 0.006740196078431373 0.15073529411764705 0.00857843137254902 0.16380718954248366 0.007965686274509803 0.20465686274509803 0 0.20751633986928106 0 0.1482843137254902
29 0.08517156862745098 0.17524509803921567 0.12377450980392157 0.19566993464052287 0.1323529411764706 0.20302287581699346 0.13388480392156862 0.2107843137254902 0.11458333333333333 0.2107843137254902 0.1090686274509804 0.21405228758169934 0.09865196078431372 0.21037581699346405 0.0744485294117647 0.2107843137254902 0.07230392156862746 0.2079248366013072 0.06985294117647059 0.19607843137254902 0.07077205882352941 0.18586601307189543 0.07628676470588236 0.1781045751633987 0.08486519607843138 0.17524509803921567
29 0.06801470588235294 0.2136437908496732 0.07169117647058823 0.2222222222222222 0.0704656862745098 0.24918300653594772 0.07322303921568628 0.2957516339869281 0.06924019607843138 0.29901960784313725 0.034926470588235295 0.29697712418300654 0.03308823529411765 0.2724673202614379 0.0352328431372549 0.21405228758169934 0.04197303921568627 0.21160130718954248 0.06770833333333333 0.2136437908496732
29 0.40839460784313725 0.16911764705882354 0.41973039215686275 0.1809640522875817 0.4209558823529412 0.19812091503267973 0.41942401960784315 0.20220588235294118 0.4108455882352941 0.20710784313725492 0.40441176470588236 0.21691176470588236 0.39246323529411764 0.20588235294117646 0.3893995098039216 0.19852941176470587 0.38848039215686275 0.18872549019607843 0.3903186274509804 0.17851307189542484 0.39338235294117646 0.17320261437908496 0.4007352941176471 0.16830065359477125 0.40808823529411764 0.16911764705882354
29 0.578125 0.5829248366013072 0.5830269607843137 0.5882352941176471 0.5836397058823529 0.5935457516339869 0.5814950980392157 0.6870915032679739 0.5520833333333334 0.684640522875817 0.5499387254901961 0.6785130718954249 0.5484068627450981 0.6511437908496732 0.5520833333333334 0.6000816993464052 0.5551470588235294 0.5853758169934641 0.5594362745098039 0.5825163398692811 0.5778186274509803 0.5829248366013072
29 0.9396446078431373 0.24754901960784315 0.9448529411764706 0.25 0.9469975490196079 0.2569444444444444 0.9442401960784313 0.315359477124183 0.9436274509803921 0.31862745098039214 0.9399509803921569 0.32107843137254904 0.9093137254901961 0.3174019607843137 0.9123774509803921 0.2855392156862745 0.9108455882352942 0.2610294117647059 0.9129901960784313 0.25163398692810457 0.9227941176470589 0.2479575163398693 0.9393382352941176 0.24754901960784315
29 0.9215686274509803 0 0.9503676470588235 0 0.9515931372549019 0.02246732026143791 0.9512867647058824 0.0457516339869281 0.9466911764705882 0.0661764705882353 0.9172794117647058 0.06495098039215687 0.9169730392156863 0.024509803921568627 0.9215686274509803 0.0004084967320261438
29 0.3069852941176471 0.46282679738562094 0.3125 0.4681372549019608 0.31832107843137253 0.4930555555555556 0.3180147058823529 0.5155228758169934 0.3161764705882353 0.5187908496732027 0.30943627450980393 0.5212418300653595 0.2852328431372549 0.5216503267973857 0.27879901960784315 0.5212418300653595 0.27542892156862747 0.5171568627450981 0.27420343137254904 0.497140522875817 0.2757352941176471 0.47630718954248363 0.2821691176470588 0.46895424836601307 0.30667892156862747 0.46282679738562094
29 0.9693627450980392 0.247140522875817 0.9767156862745098 0.2479575163398693 0.9794730392156863 0.25163398692810457 0.9791666666666666 0.31209150326797386 0.9779411764705882 0.3190359477124183 0.9742647058823529 0.32189542483660133 0.9488357843137255 0.32107843137254904 0.944546568627451 0.31781045751633985 0.9482230392156863 0.2724673202614379 0.9479166666666666 0.25163398692810457 0.9543504901960784 0.24754901960784315 0.9690563725490197 0.247140522875817
29 0.04932598039215686 0.1744281045751634 0.06801470588235294 0.18586601307189543 0.0701593137254902 0.2079248366013072 0.06556372549019608 0.21119281045751634 0.03553921568627451 0.2107843137254902 0.03155637254901961 0.2062908496732026 0.030943627450980393 0.19240196078431374 0.03553921568627451 0.18055555555555555 0.042279411764705885 0.17524509803921567 0.049019607843137254 0.1744281045751634
29 0.2181372549019608 0.1642156862745098 0.22549019607843138 0.1687091503267974 0.2261029411764706 0.1830065359477124 0.23100490196078433 0.19566993464052287 0.22886029411764705 0.2005718954248366 0.22487745098039216 0.20261437908496732 0.20435049019607843 0.19975490196078433 0.20189950980392157 0.19730392156862744 0.20006127450980393 0.18913398692810457 0.20098039215686275 0.17892156862745098 0.2037377450980392 0.17238562091503268 0.20955882352941177 0.16584967320261437 0.21783088235294118 0.1642156862745098
29 0.6412377450980392 0.46568627450980393 0.649203431372549 0.4673202614379085 0.6522671568627451 0.4738562091503268 0.6519607843137255 0.5089869281045751 0.6507352941176471 0.5220588235294118 0.647671568627451 0.5236928104575164 0.6314338235294118 0.5232843137254902 0.6256127450980392 0.5183823529411765 0.6246936274509803 0.5138888888888888 0.6259191176470589 0.49060457516339867 0.6289828431372549 0.4775326797385621 0.6332720588235294 0.4681372549019608 0.6409313725490197 0.46568627450980393
29 0.8866421568627451 0 0.9163602941176471 0 0.9175857843137255 0.03758169934640523 0.9157475490196079 0.06454248366013073 0.8823529411764706 0.06413398692810457 0.8829656862745098 0.028186274509803922 0.8866421568627451 0.0004084967320261438
29 0.44056372549019607 0.16258169934640523 0.44577205882352944 0.1650326797385621 0.4497549019607843 0.17116013071895425 0.4528186274509804 0.19158496732026145 0.45067401960784315 0.20179738562091504 0.44025735294117646 0.20955882352941177 0.42463235294117646 0.20098039215686275 0.42003676470588236 0.18709150326797386 0.421875 0.17238562091503268 0.4252450980392157 0.16666666666666666 0.43167892156862747 0.1621732026143791 0.44025735294117646 0.16258169934640523
29 0.7490808823529411 0.21200980392156862 0.7625612745098039 0.21486928104575165 0.7677696078431373 0.22263071895424835 0.7647058823529411 0.2434640522875817 0.7650122549019608 0.2839052287581699 0.7598039215686274 0.31576797385620914 0.7380514705882353 0.3174019607843137 0.734375 0.3161764705882353 0.7331495098039216 0.3125 0.7294730392156863 0.2900326797385621 0.7297794117647058 0.26838235294117646 0.734375 0.24223856209150327 0.7340686274509803 0.22630718954248366 0.7362132352941176 0.21691176470588236 0.7487745098039216 0.21200980392156862
29 0.4849877450980392 0.45874183006535946 0.49142156862745096 0.4636437908496732 0.49325980392156865 0.4709967320261438 0.49295343137254904 0.5183823529411765 0.4877450980392157 0.5220588235294118 0.46721813725490197 0.5224673202614379 0.4564950980392157 0.5216503267973857 0.4540441176470588 0.5187908496732027 0.45465686274509803 0.4750816993464052 0.45986519607843135 0.46854575163398693 0.4846813725490196 0.45874183006535946
29 0.3939950980392157 0.45955882352941174 0.40778186274509803 0.46691176470588236 0.41207107843137253 0.477124183006536 0.4114583333333333 0.5187908496732027 0.40778186274509803 0.5212418300653595 0.3786764705882353 0.5208333333333334 0.37254901960784315 0.5200163398692811 0.3697916666666667 0.5159313725490197 0.3697916666666667 0.494281045751634 0.3743872549019608 0.4738562091503268 0.39368872549019607 0.4599673202614379
29 0.27910539215686275 0.15359477124183007 0.2867647058823529 0.15890522875816993 0.2971813725490196 0.17197712418300654 0.3008578431372549 0.17892156862745098 0.30392156862745096 0.19526143790849673 0.29963235294117646 0.2013888888888889 0.28339460784313725 0.20220588235294118 0.2650122549019608 0.19812091503267973 0.25765931372549017 0.18586601307189543 0.25765931372549017 0.16830065359477125 0.2616421568627451 0.1597222222222222 0.2689950980392157 0.15359477124183007 0.27879901960784315 0.15359477124183007
29 0.2601102941176471 0.20098039215686275 0.26746323529411764 0.2062908496732026 0.2702205882352941 0.21241830065359477 0.2711397058823529 0.28022875816993464 0.26868872549019607 0.30269607843137253 0.2653186274509804 0.30800653594771243 0.24050245098039216 0.30718954248366015 0.2340686274509804 0.30392156862745096 0.23590686274509803 0.29248366013071897 0.23314950980392157 0.20669934640522875 0.23529411764705882 0.20220588235294118 0.24142156862745098 0.19975490196078433 0.25980392156862747 0.20098039215686275
29 0 0.21200980392156862 0.026348039215686275 0.21160130718954248 0.032475490196078434 0.21650326797385622 0.03400735294117647 0.23774509803921567 0.03216911764705882 0.2741013071895425 0.03431372549019608 0.29248366013071897 0.03431372549019608 0.2965686274509804 0.03155637254901961 0.29820261437908496 0 0.2977941176470588 0 0.21241830065359477
29 0.8719362745098039 0.11601307189542484 0.8808210784313726 0.12050653594771242 0.882046568627451 0.13071895424836602 0.8786764705882353 0.18995098039215685 0.8774509803921569 0.19281045751633988 0.8716299019607843 0.19362745098039216 0.8532475490196079 0.19240196078431374 0.8501838235294118 0.18627450980392157 0.8535539215686274 0.11968954248366014 0.8584558823529411 0.11601307189542484 0.8716299019607843 0.11601307189542484
29 0.3382352941176471 0.20098039215686275 0.3489583333333333 0.20506535947712418 0.35324754901960786 0.2152777777777778 0.35294117647058826 0.3002450980392157 0.35171568627450983 0.30718954248366015 0.3489583333333333 0.3088235294117647 0.32169117647058826 0.30637254901960786 0.31862745098039214 0.30106209150326796 0.3174019607843137 0.21200980392156862 0.31924019607843135 0.2062908496732026 0.3238357843137255 0.20261437908496732 0.33792892156862747 0.20098039215686275
29 0.6449142156862745 0.5829248366013072 0.6580882352941176 0.5845588235294118 0.6666666666666666 0.5915032679738562 0.6666666666666666 0.6642156862745098 0.6651348039215687 0.6854575163398693 0.6620710784313726 0.6895424836601307 0.6403186274509803 0.6891339869281046 0.6390931372549019 0.6862745098039216 0.6360294117647058 0.5919117647058824 0.6375612745098039 0.5849673202614379 0.6446078431372549 0.5829248366013072
29 0.9099264705882353 0.119281045751634 0.9154411764705882 0.12214052287581699 0.9169730392156863 0.13398692810457516 0.9142156862745098 0.18872549019607843 0.9129901960784313 0.19281045751633988 0.9087009803921569 0.1940359477124183 0.8826593137254902 0.19321895424836602 0.8811274509803921 0.18995098039215685 0.8826593137254902 0.13194444444444445 0.8844975490196079 0.12459150326797386 0.890625 0.11968954248366014 0.9096200980392157 0.119281045751634
29 0.9344362745098039 0.44730392156862747 0.946078431372549 0.44812091503267976 0.9482230392156863 0.45179738562091504 0.9476102941176471 0.4624183006535948 0.9442401960784313 0.46977124183006536 0.9405637254901961 0.4881535947712418 0.9356617647058824 0.5294117647058824 0.9332107843137255 0.5330882352941176 0.9264705882352942 0.5355392156862745 0.9050245098039216 0.5363562091503268 0.8599877450980392 0.5343137254901961 0.8599877450980392 0.5261437908496732 0.8670343137254902 0.5004084967320261 0.8737745098039216 0.4562908496732026 0.8768382352941176 0.4526143790849673 0.8866421568627451 0.4493464052287582 0.9341299019607843 0.44730392156862747
29 0.3489583333333333 0.46119281045751637 0.36243872549019607 0.46691176470588236 0.3642769607843137 0.5122549019607843 0.359375 0.5228758169934641 0.3232230392156863 0.5204248366013072 0.31985294117647056 0.5187908496732027 0.31924019607843135 0.5155228758169934 0.32015931372549017 0.4791666666666667 0.3235294117647059 0.46691176470588236 0.3382352941176471 0.46568627450980393 0.3486519607843137 0.46119281045751637
29 0.9996936274509803 0.12254901960784313 0.9996936274509803 0.19648692810457516 0.9960171568627451 0.1968954248366013 0.9810049019607843 0.19607843137254902 0.9803921568627451 0.17687908496732027 0.9840686274509803 0.16013071895424835 0.9856004901960784 0.12826797385620914 0.9905024509803921 0.12295751633986927 0.9993872549019608 0.12254901960784313
29 0.8425245098039216 0.21650326797385622 0.8455882352941176 0.21977124183006536 0.8462009803921569 0.22508169934640523 0.8434436274509803 0.31413398692810457 0.8416053921568627 0.3174019607843137 0.835171568627451 0.318218954248366 0.8164828431372549 0.318218954248366 0.8128063725490197 0.315359477124183 0.8079044117647058 0.28145424836601307 0.8091299019607843 0.2340686274509804 0.8103553921568627 0.22589869281045752 0.8143382352941176 0.21895424836601307 0.8330269607843137 0.2152777777777778 0.8422181372549019 0.21650326797385622
29 0.2417279411764706 0.15400326797385622 0.2503063725490196 0.1576797385620915 0.25674019607843135 0.1650326797385621 0.25857843137254904 0.19607843137254902 0.25183823529411764 0.19934640522875818 0.23223039215686275 0.19852941176470587 0.22457107843137256 0.18137254901960784 0.22426470588235295 0.17116013071895425 0.2270220588235294 0.1642156862745098 0.2340686274509804 0.1556372549019608 0.24142156862745098 0.15400326797385622
29 0.9558823529411765 0 0.9831495098039216 0 0.9856004901960784 0.025326797385620915 0.9825367647058824 0.06740196078431372 0.9518995098039216 0.06658496732026144 0.9506740196078431 0.01184640522875817 0.9558823529411765 0.0004084967320261438
29 0.7306985294117647 0.24877450980392157 0.7291666666666666 0.2863562091503268 0.727328431372549 0.2900326797385621 0.7212009803921569 0.2908496732026144 0.7169117647058824 0.289624183006536 0.7215073529411765 0.28104575163398693 0.7233455882352942 0.25531045751633985 0.7264093137254902 0.24918300653594772 0.7303921568627451 0.24877450980392157
29 0.47181372549019607 0.15808823529411764 0.48161764705882354 0.16339869281045752 0.4880514705882353 0.17851307189542484 0.48590686274509803 0.20669934640522875 0.4810049019607843 0.2136437908496732 0.46109068627450983 0.2042483660130719 0.45526960784313725 0.19648692810457516 0.4540441176470588 0.18995098039215685 0.4537377450980392 0.1781045751633987 0.45618872549019607 0.1687091503267974 0.46139705882352944 0.1613562091503268 0.47150735294117646 0.15808823529411764
29 0.4540441176470588 0.20547385620915032 0.4699754901960784 0.2079248366013072 0.47549019607843135 0.21691176470588236 0.47824754901960786 0.24183006535947713 0.4788602941176471 0.2834967320261438 0.47794117647058826 0.30718954248366015 0.4736519607843137 0.31209150326797386 0.44393382352941174 0.30718954248366015 0.44454656862745096 0.21609477124183007 0.44699754901960786 0.20874183006535948 0.4537377450980392 0.20547385620915032
29 0.9059436274509803 0.2508169934640523 0.9099264705882353 0.25449346405228757 0.9102328431372549 0.2994281045751634 0.9087009803921569 0.3174019607843137 0.9053308823529411 0.3190359477124183 0.8811274509803921 0.3165849673202614 0.8789828431372549 0.26062091503267976 0.8838848039215687 0.252859477124183 0.9056372549019608 0.2508169934640523
29 0.8363970588235294 0.16952614379084968 0.8489583333333334 0.18055555555555555 0.8504901960784313 0.19240196078431374 0.8492647058823529 0.20383986928104575 0.8452818627450981 0.2136437908496732 0.8299632352941176 0.21486928104575165 0.8201593137254902 0.21405228758169934 0.8155637254901961 0.20915032679738563 0.8174019607843137 0.19240196078431374 0.8161764705882353 0.17769607843137256 0.8244485294117647 0.16993464052287582 0.8360906862745098 0.16952614379084968
29 0.17064950980392157 0.2128267973856209 0.17616421568627452 0.21446078431372548 0.17830882352941177 0.2201797385620915 0.1795343137254902 0.3002450980392157 0.16207107843137256 0.3014705882352941 0.15196078431372548 0.3002450980392157 0.1482843137254902 0.2855392156862745 0.14705882352941177 0.21691176470588236 0.15349264705882354 0.2128267973856209 0.17034313725490197 0.2128267973856209
29 0.2965686274509804 0.5514705882352942 0.3020833333333333 0.553921568627451 0.30269607843137253 0.5612745098039216 0.29840686274509803 0.5780228758169934 0.2956495098039216 0.6033496732026143 0.2855392156862745 0.6049836601307189 0.27849264705882354 0.6021241830065359 0.2809436274509804 0.5919117647058824 0.2815563725490196 0.5600490196078431 0.2864583333333333 0.5535130718954249 0.2962622549019608 0.5518790849673203