25 0.1724877450980392 0.8308823529411765 0.18198529411764705 0.8378267973856209 0.18964460784313725 0.8374183006535948 0.203125 0.8480392156862745 0.20833333333333334 0.8590686274509803 0.20710784313725492 0.8643790849673203 0.2037377450980392 0.8660130718954249 0.19607843137254902 0.8631535947712419 0.18627450980392157 0.8508986928104575 0.18566176470588236 0.8455882352941176 0.18504901960784315 0.8525326797385621 0.18198529411764705 0.8545751633986928 0.16850490196078433 0.8492647058823529 0.15962009803921567 0.8382352941176471 0.15900735294117646 0.8345588235294118 0.1721813725490196 0.8308823529411765
25 0.49234068627450983 0.7365196078431373 0.5159313725490197 0.7524509803921569 0.5235906862745098 0.7753267973856209 0.5269607843137255 0.7794117647058824 0.5260416666666666 0.7847222222222222 0.5232843137254902 0.7859477124183006 0.49693627450980393 0.7814542483660131 0.484375 0.7822712418300654 0.47089460784313725 0.7720588235294118 0.4696691176470588 0.7606209150326797 0.4724264705882353 0.7516339869281046 0.484375 0.7377450980392157 0.49203431372549017 0.7365196078431373
25 0.19791666666666666 0.6139705882352942 0.20588235294117646 0.625 0.22886029411764705 0.6299019607843137 0.2110906862745098 0.6613562091503268 0.19883578431372548 0.6654411764705882 0.18995098039215685 0.6621732026143791 0.18964460784313725 0.6507352941176471 0.18106617647058823 0.639297385620915 0.1798406862745098 0.6323529411764706 0.18259803921568626 0.6184640522875817 0.18872549019607843 0.6147875816993464 0.19761029411764705 0.6139705882352942
25 0.42892156862745096 0.8133169934640523 0.4540441176470588 0.8235294117647058 0.4739583333333333 0.8415032679738562 0.47457107843137253 0.8488562091503268 0.4635416666666667 0.8615196078431373 0.43964460784313725 0.8562091503267973 0.4264705882352941 0.8488562091503268 0.40471813725490197 0.821078431372549 0.40441176470588236 0.8178104575163399 0.4068627450980392 0.8165849673202614 0.42861519607843135 0.8133169934640523
25 0.9368872549019608 0.6119281045751634 0.9488357843137255 0.6156045751633987 0.9672181372549019 0.6258169934640523 0.975796568627451 0.636437908496732 0.9932598039215687 0.6499183006535948 0.9954044117647058 0.6544117647058824 0.9911151960784313 0.6572712418300654 0.9656862745098039 0.6527777777777778 0.9528186274509803 0.6540032679738562 0.9368872549019608 0.6474673202614379 0.9286151960784313 0.6388888888888888 0.9252450980392157 0.6286764705882353 0.9276960784313726 0.6176470588235294 0.9365808823529411 0.6119281045751634
25 0.5615808823529411 0.3374183006535948 0.5784313725490197 0.34272875816993464 0.5854779411764706 0.352124183006536 0.5814950980392157 0.3541666666666667 0.5370710784313726 0.3451797385620915 0.5361519607843137 0.34191176470588236 0.5431985294117647 0.3386437908496732 0.5612745098039216 0.3374183006535948
25 0.5073529411764706 0.2977941176470588 0.5361519607843137 0.30269607843137253 0.5407475490196079 0.30637254901960786 0.5373774509803921 0.3145424836601307 0.5223651960784313 0.315359477124183 0.5098039215686274 0.32965686274509803 0.4996936274509804 0.3243464052287582 0.4849877450980392 0.32107843137254904 0.48651960784313725 0.31413398692810457 0.4954044117647059 0.3002450980392157 0.507046568627451 0.2977941176470588
25 0.9629289215686274 0.33986928104575165 0.984375 0.3423202614379085 0.9920343137254902 0.3488562091503268 0.9926470588235294 0.38643790849673204 0.9911151960784313 0.3937908496732026 0.9730392156862745 0.3954248366013072 0.9574142156862745 0.3946078431372549 0.946078431372549 0.3888888888888889 0.9319852941176471 0.3729575163398693 0.9325980392156863 0.3684640522875817 0.9399509803921569 0.36560457516339867 0.9424019607843137 0.35947712418300654 0.9414828431372549 0.35498366013071897 0.9335171568627451 0.3451797385620915 0.9347426470588235 0.34354575163398693 0.9515931372549019 0.3394607843137255 0.9626225490196079 0.33986928104575165
25 0.7582720588235294 0.7700163398692811 0.7797181372549019 0.7736928104575164 0.8030024509803921 0.7818627450980392 0.821078431372549 0.7986111111111112 0.8296568627450981 0.815359477124183 0.8382352941176471 0.8517156862745098 0.8382352941176471 0.866421568627451 0.835171568627451 0.8688725490196079 0.7604166666666666 0.8459967320261438 0.7162990196078431 0.8284313725490197 0.7141544117647058 0.821078431372549 0.7156862745098039 0.8047385620915033 0.7261029411764706 0.7834967320261438 0.7383578431372549 0.7736928104575164 0.7579656862745098 0.7700163398692811
25 0.6004901960784313 0.4722222222222222 0.6124387254901961 0.4783496732026144 0.6387867647058824 0.48080065359477125 0.633578431372549 0.5044934640522876 0.6271446078431373 0.511437908496732 0.6060049019607843 0.5102124183006536 0.5925245098039216 0.5016339869281046 0.5900735294117647 0.4922385620915033 0.5842524509803921 0.48447712418300654 0.5842524509803921 0.4775326797385621 0.5885416666666666 0.47344771241830064 0.6001838235294118 0.4722222222222222
25 0.3425245098039216 0.6053921568627451 0.36519607843137253 0.6151960784313726 0.3590686274509804 0.6262254901960784 0.35232843137254904 0.6315359477124183 0.3388480392156863 0.6217320261437909 0.32965686274509803 0.6196895424836601 0.33517156862745096 0.6074346405228758 0.34221813725490197 0.6053921568627451
25 0.9197303921568627 0.886437908496732 0.9347426470588235 0.8925653594771242 0.9607843137254902 0.9089052287581699 0.9813112745098039 0.9395424836601307 0.9892769607843137 0.9456699346405228 0.9901960784313726 0.9493464052287581 0.9871323529411765 0.9530228758169934 0.9702818627450981 0.951797385620915 0.9528186274509803 0.9464869281045751 0.9387254901960784 0.9485294117647058 0.9255514705882353 0.943218954248366 0.9169730392156863 0.9362745098039216 0.9077818627450981 0.9215686274509803 0.9053308823529411 0.9060457516339869 0.9102328431372549 0.8905228758169934 0.9139093137254902 0.8868464052287581 0.9194240196078431 0.886437908496732
25 0.29013480392156865 0.2630718954248366 0.31403186274509803 0.26715686274509803 0.3170955882352941 0.2687908496732026 0.3174019607843137 0.2724673202614379 0.3112745098039216 0.2769607843137255 0.30269607843137253 0.2777777777777778 0.28982843137254904 0.2920751633986928 0.27542892156862747 0.28717320261437906 0.27297794117647056 0.28022875816993464 0.27420343137254904 0.27450980392156865 0.28125 0.2647058823529412 0.28982843137254904 0.2630718954248366
25 0.8180147058823529 0.3831699346405229 0.8284313725490197 0.38480392156862747 0.8458946078431373 0.3929738562091503 0.8612132352941176 0.40808823529411764 0.8639705882352942 0.41380718954248363 0.8627450980392157 0.41625816993464054 0.7870710784313726 0.4007352941176471 0.7870710784313726 0.39705882352941174 0.7907475490196079 0.3937908496732026 0.8069852941176471 0.38562091503267976 0.8177083333333334 0.3831699346405229
25 0.9534313725490197 0.5894607843137255 0.9586397058823529 0.5964052287581699 0.9650735294117647 0.6000816993464052 0.9837622549019608 0.6066176470588235 0.9996936274509803 0.6086601307189542 0.9996936274509803 0.6433823529411765 0.9920343137254902 0.6454248366013072 0.9785539215686274 0.6409313725490197 0.9659926470588235 0.6262254901960784 0.9476102941176471 0.6139705882352942 0.9387254901960784 0.6000816993464052 0.9381127450980392 0.5955882352941176 0.9420955882352942 0.5902777777777778 0.953125 0.5894607843137255
25 0.40778186274509803 0.6270424836601307 0.4522058823529412 0.6421568627450981 0.4518995098039216 0.6470588235294118 0.44699754901960786 0.6511437908496732 0.4322916666666667 0.6540032679738562 0.41881127450980393 0.6511437908496732 0.4007352941176471 0.6384803921568627 0.39705882352941174 0.6331699346405228 0.3961397058823529 0.6266339869281046 0.4074754901960784 0.6270424836601307
25 0.3783700980392157 0.31576797385620914 0.39276960784313725 0.32312091503267976 0.40012254901960786 0.335375816993464 0.39767156862745096 0.3402777777777778 0.3759191176470588 0.3423202614379085 0.36580882352941174 0.3394607843137255 0.3636642156862745 0.3321078431372549 0.36887254901960786 0.3190359477124183 0.37806372549019607 0.31576797385620914
25 0.4215686274509804 0.8815359477124183 0.4488357843137255 0.8933823529411765 0.4564950980392157 0.9003267973856209 0.4638480392156863 0.8999183006535948 0.4693627450980392 0.9048202614379085 0.4696691176470588 0.9109477124183006 0.46599264705882354 0.9138071895424836 0.46109068627450983 0.9133986928104575 0.4564950980392157 0.9007352941176471 0.4537377450980392 0.9031862745098039 0.45159313725490197 0.9109477124183006 0.43045343137254904 0.9048202614379085 0.4231004901960784 0.8941993464052288 0.41942401960784315 0.883578431372549 0.4212622549019608 0.8819444444444444
25 0.44362745098039214 0.9530228758169934 0.4586397058823529 0.9591503267973857 0.46231617647058826 0.9632352941176471 0.46721813725490197 0.9869281045751634 0.4641544117647059 0.9910130718954249 0.46691176470588236 0.9934640522875817 0.46691176470588236 0.9979575163398693 0.46231617647058826 0.9950980392156863 0.46017156862745096 0.9906045751633987 0.4540441176470588 0.9910130718954249 0.45465686274509803 0.9873366013071896 0.44577205882352944 0.9820261437908496 0.42769607843137253 0.9566993464052288 0.42984068627450983 0.9534313725490197 0.44332107843137253 0.9530228758169934
25 0.7558210784313726 0.37173202614379086 0.7613357843137255 0.375 0.7760416666666666 0.39133986928104575 0.7778799019607843 0.39705882352941174 0.7760416666666666 0.3991013071895425 0.7441789215686274 0.3929738562091503 0.742953431372549 0.38766339869281047 0.7481617647058824 0.37173202614379086 0.7555147058823529 0.37173202614379086
25 0.07138480392156862 0.553921568627451 0.0784313725490196 0.5588235294117647 0.08118872549019608 0.5645424836601307 0.08088235294117647 0.5886437908496732 0.06893382352941177 0.6070261437908496 0.06495098039215687 0.6090686274509803 0.027573529411764705 0.5968137254901961 0.02267156862745098 0.5919117647058824 0.03553921568627451 0.5731209150326797 0.04595588235294118 0.5629084967320261 0.06219362745098039 0.5535130718954249 0.07107843137254902 0.553921568627451
25 0.43075980392156865 0.45098039215686275 0.4375 0.4550653594771242 0.44515931372549017 0.4701797385620915 0.44546568627450983 0.48366013071895425 0.44362745098039214 0.48937908496732024 0.43933823529411764 0.4934640522875817 0.4117647058823529 0.4877450980392157 0.40318627450980393 0.48366013071895425 0.40410539215686275 0.477124183006536 0.4185049019607843 0.4554738562091503 0.43045343137254904 0.45098039215686275
25 0.18566176470588236 0.5947712418300654 0.1868872549019608 0.5988562091503268 0.18290441176470587 0.6066176470588235 0.16145833333333334 0.6380718954248366 0.15410539215686275 0.639297385620915 0.14338235294117646 0.633578431372549 0.14368872549019607 0.6303104575163399 0.15410539215686275 0.6151960784313726 0.16482843137254902 0.6053921568627451 0.18535539215686275 0.5951797385620915
25 0.32598039215686275 0.2977941176470588 0.3388480392156863 0.3002450980392157 0.35110294117647056 0.30637254901960786 0.3541666666666667 0.31413398692810457 0.35232843137254904 0.31576797385620914 0.30514705882352944 0.3075980392156863 0.30637254901960786 0.30392156862745096 0.3137254901960784 0.29983660130718953 0.32567401960784315 0.2977941176470588
25 0.41544117647058826 0.6548202614379085 0.4252450980392157 0.6589052287581699 0.44025735294117646 0.6703431372549019 0.44699754901960786 0.6838235294117647 0.4497549019607843 0.6968954248366013 0.4491421568627451 0.7050653594771242 0.44699754901960786 0.7136437908496732 0.43933823529411764 0.7275326797385621 0.4224877450980392 0.7242647058823529 0.3587622549019608 0.7009803921568627 0.34681372549019607 0.6928104575163399 0.3541666666666667 0.6756535947712419 0.3704044117647059 0.6609477124183006 0.39307598039215685 0.6535947712418301 0.41513480392156865 0.6548202614379085
25 0.2689950980392157 0.5159313725490197 0.2858455882352941 0.5200163398692811 0.2919730392156863 0.5257352941176471 0.2689950980392157 0.5669934640522876 0.2539828431372549 0.5886437908496732 0.24908088235294118 0.5919117647058824 0.22824754901960784 0.5894607843137255 0.22242647058823528 0.5866013071895425 0.21966911764705882 0.5812908496732027 0.21997549019607843 0.556781045751634 0.22365196078431374 0.5531045751633987 0.23131127450980393 0.5518790849673203 0.24050245098039216 0.5408496732026143 0.2423406862745098 0.5330882352941176 0.24111519607843138 0.5212418300653595 0.26868872549019607 0.5159313725490197
25 0.9424019607843137 0.8014705882352942 0.9497549019607843 0.8088235294117647 0.9675245098039216 0.815359477124183 0.9938725490196079 0.8161764705882353 0.9996936274509803 0.8227124183006536 0.9996936274509803 0.8754084967320261 0.9960171568627451 0.8762254901960784 0.96875 0.8733660130718954 0.9522058823529411 0.866421568627451 0.9430147058823529 0.8574346405228758 0.9313725490196079 0.8333333333333334 0.9209558823529411 0.821078431372549 0.9188112745098039 0.8137254901960784 0.9194240196078431 0.8071895424836601 0.9221813725490197 0.8035130718954249 0.9420955882352942 0.8014705882352942
25 0.5897671568627451 0.49754901960784315 0.6001838235294118 0.5065359477124183 0.6075367647058824 0.5093954248366013 0.6302083333333334 0.5093954248366013 0.6305147058823529 0.5155228758169934 0.6231617647058824 0.5359477124183006 0.6194852941176471 0.5400326797385621 0.6069240196078431 0.5412581699346405 0.6004901960784313 0.5400326797385621 0.5946691176470589 0.5281862745098039 0.5778186274509803 0.5171568627450981 0.5759803921568627 0.5102124183006536 0.5772058823529411 0.5016339869281046 0.5814950980392157 0.49836601307189543 0.5894607843137255 0.49754901960784315
25 0.8170955882352942 0.36233660130718953 0.8590686274509803 0.37336601307189543 0.8566176470588235 0.3839869281045752 0.8489583333333334 0.39501633986928103 0.8314950980392157 0.3872549019607843 0.8082107843137255 0.38439542483660133 0.8030024509803921 0.3729575163398693 0.8036151960784313 0.3631535947712418 0.8167892156862745 0.36233660130718953
25 0.6731004901960784 0.7148692810457516 0.7018995098039216 0.7238562091503268 0.7037377450980392 0.7263071895424836 0.6979166666666666 0.7344771241830066 0.6822916666666666 0.7410130718954249 0.6657475490196079 0.7377450980392157 0.6681985294117647 0.7181372549019608 0.6727941176470589 0.7148692810457516
25 0.2610294117647059 0.4035947712418301 0.28339460784313725 0.4117647058823529 0.2824754901960784 0.41748366013071897 0.2763480392156863 0.42606209150326796 0.2503063725490196 0.41911764705882354 0.24448529411764705 0.40441176470588236 0.24754901960784315 0.4019607843137255 0.2607230392156863 0.4035947712418301
25 0.10110294117647059 0.6625816993464052 0.12438725490196079 0.6699346405228758 0.14399509803921567 0.6821895424836601 0.14675245098039216 0.6854575163398693 0.14552696078431374 0.7009803921568627 0.140625 0.704248366013072 0.11611519607843138 0.7030228758169934 0.11274509803921569 0.6993464052287581 0.10723039215686274 0.6821895424836601 0.09375 0.6674836601307189 0.0940563725490196 0.6629901960784313 0.10079656862745098 0.6625816993464052
25 0.3238357843137255 0.45098039215686275 0.3314950980392157 0.4571078431372549 0.34957107843137253 0.45955882352941174 0.3382352941176471 0.4803921568627451 0.3327205882352941 0.4848856209150327 0.31954656862745096 0.48284313725490197 0.30667892156862747 0.460375816993464 0.3069852941176471 0.45302287581699346 0.31096813725490197 0.44812091503267976 0.32107843137254904 0.4464869281045752 0.3235294117647059 0.45098039215686275
25 0.3400735294117647 0.42606209150326796 0.3483455882352941 0.43014705882352944 0.3633578431372549 0.43218954248366015 0.3627450980392157 0.43790849673202614 0.35232843137254904 0.4554738562091503 0.34558823529411764 0.4583333333333333 0.33118872549019607 0.45669934640522875 0.3244485294117647 0.4526143790849673 0.32169117647058826 0.44689542483660133 0.32107843137254904 0.4264705882352941 0.33455882352941174 0.4236111111111111 0.3397671568627451 0.42606209150326796
25 0.13204656862745098 0.551062091503268 0.16268382352941177 0.5600490196078431 0.15870098039215685 0.5702614379084967 0.15287990196078433 0.5751633986928104 0.13020833333333334 0.5669934640522876 0.12591911764705882 0.5612745098039216 0.12346813725490197 0.5531045751633987 0.12653186274509803 0.5502450980392157 0.13174019607843138 0.551062091503268
25 0.9356617647058824 0.7401960784313726 0.9427083333333334 0.7495915032679739 0.9482230392156863 0.7516339869281046 0.946078431372549 0.7540849673202614 0.9479166666666666 0.7561274509803921 0.9638480392156863 0.7598039215686274 0.9810049019607843 0.7602124183006536 0.9996936274509803 0.7655228758169934 0.9996936274509803 0.8169934640522876 0.9696691176470589 0.815359477124183 0.9571078431372549 0.8120915032679739 0.946078431372549 0.8059640522875817 0.9353553921568627 0.7896241830065359 0.9307598039215687 0.7785947712418301 0.9181985294117647 0.7626633986928104 0.9203431372549019 0.7549019607843137 0.9332107843137255 0.75 0.9356617647058824 0.7406045751633987
25 0.4114583333333333 0.7651143790849673 0.4411764705882353 0.7757352941176471 0.4632352941176471 0.7924836601307189 0.46568627450980393 0.8006535947712419 0.4540441176470588 0.8157679738562091 0.4273897058823529 0.8116830065359477 0.4117647058823529 0.803921568627451 0.4025735294117647 0.7863562091503268 0.3912377450980392 0.7724673202614379 0.39276960784313725 0.7687908496732027 0.4111519607843137 0.7651143790849673
25 0.8765318627450981 0.7769607843137255 0.9041053921568627 0.7847222222222222 0.9059436274509803 0.7916666666666666 0.9044117647058824 0.8071895424836601 0.8918504901960784 0.8035130718954249 0.8768382352941176 0.7933006535947712 0.8716299019607843 0.7798202614379085 0.8728553921568627 0.7769607843137255 0.8762254901960784 0.7769607843137255
25 0.5303308823529411 0.6711601307189542 0.5441176470588235 0.6801470588235294 0.5747549019607843 0.6854575163398693 0.5643382352941176 0.7209967320261438 0.5606617647058824 0.7275326797385621 0.5569852941176471 0.7291666666666666 0.5294117647058824 0.7246732026143791 0.5177696078431373 0.7152777777777778 0.5147058823529411 0.6968954248366013 0.5110294117647058 0.6887254901960784 0.5107230392156863 0.6785130718954249 0.5147058823529411 0.673202614379085 0.5300245098039216 0.6711601307189542
25 0.5140931372549019 0.7087418300653595 0.5208333333333334 0.7193627450980392 0.5294117647058824 0.7250816993464052 0.5597426470588235 0.7308006535947712 0.5477941176470589 0.7691993464052288 0.5438112745098039 0.7724673202614379 0.5343137254901961 0.7741013071895425 0.5229779411764706 0.7728758169934641 0.5168504901960784 0.7549019607843137 0.5003063725490197 0.738562091503268 0.49754901960784315 0.7254901960784313 0.49816176470588236 0.7169117647058824 0.5049019607843137 0.7099673202614379 0.5137867647058824 0.7087418300653595
25 0.6688112745098039 0.7381535947712419 0.6819852941176471 0.7430555555555556 0.6930147058823529 0.7516339869281046 0.7034313725490197 0.766748366013072 0.7098651960784313 0.7834967320261438 0.7113970588235294 0.8047385620915033 0.7071078431372549 0.8206699346405228 0.703125 0.823937908496732 0.6507352941176471 0.8063725490196079 0.6501225490196079 0.8026960784313726 0.6614583333333334 0.75 0.6645220588235294 0.7393790849673203 0.6685049019607843 0.7381535947712419
25 0.14368872549019607 0.7561274509803921 0.15778186274509803 0.761437908496732 0.17616421568627452 0.7761437908496732 0.17861519607843138 0.7875816993464052 0.17677696078431374 0.7945261437908496 0.1721813725490196 0.7977941176470589 0.16819852941176472 0.7965686274509803 0.16207107843137256 0.7896241830065359 0.15441176470588236 0.7728758169934641 0.15287990196078433 0.7761437908496732 0.1559436274509804 0.7798202614379085 0.15625 0.7847222222222222 0.15410539215686275 0.7883986928104575 0.14613970588235295 0.7839052287581699 0.1256127450980392 0.7618464052287581 0.12653186274509803 0.758578431372549 0.13388480392156862 0.755718954248366 0.14338235294117646 0.7561274509803921
25 0.4898897058823529 0.44689542483660133 0.5238970588235294 0.45588235294117646 0.522671568627451 0.46405228758169936 0.5122549019607843 0.46977124183006536 0.48223039215686275 0.4616013071895425 0.4791666666666667 0.4562908496732026 0.4791666666666667 0.4493464052287582 0.4840686274509804 0.4464869281045752 0.4895833333333333 0.44689542483660133
25 0.17524509803921567 0.6360294117647058 0.18198529411764705 0.639297385620915 0.19056372549019607 0.6511437908496732 0.19209558823529413 0.6715686274509803 0.18535539215686275 0.6752450980392157 0.15533088235294118 0.6736111111111112 0.14705882352941177 0.6678921568627451 0.14736519607843138 0.6576797385620915 0.15808823529411764 0.6421568627450981 0.16666666666666666 0.636437908496732 0.17493872549019607 0.6360294117647058
25 0.2533700980392157 0.4207516339869281 0.27359068627450983 0.42769607843137253 0.2766544117647059 0.43586601307189543 0.2778799019607843 0.45016339869281047 0.2760416666666667 0.45955882352941174 0.27236519607843135 0.46200980392156865 0.21752450980392157 0.4493464052287582 0.20772058823529413 0.4424019607843137 0.21323529411764705 0.434640522875817 0.22824754901960784 0.42483660130718953 0.25306372549019607 0.4207516339869281
25 0.8844975490196079 0.5396241830065359 0.9028799019607843 0.5396241830065359 0.9246323529411765 0.545751633986928 0.9270833333333334 0.5502450980392157 0.9249387254901961 0.5669934640522876 0.9191176470588235 0.5690359477124183 0.9037990196078431 0.568218954248366 0.8927696078431373 0.5580065359477124 0.8844975490196079 0.5400326797385621
25 0.49816176470588236 0.6801470588235294 0.49816176470588236 0.6870915032679739 0.47824754901960786 0.738562091503268 0.4739583333333333 0.741421568627451 0.44424019607843135 0.7291666666666666 0.4417892156862745 0.7271241830065359 0.44424019607843135 0.7189542483660131 0.45557598039215685 0.6993464052287581 0.46292892156862747 0.6919934640522876 0.48131127450980393 0.681781045751634 0.49785539215686275 0.6801470588235294
25 0.5572916666666666 0.3047385620915033 0.5934436274509803 0.3104575163398693 0.6026348039215687 0.3174019607843137 0.602328431372549 0.3247549019607843 0.5925245098039216 0.3272058823529412 0.585171568627451 0.33700980392156865 0.5756740196078431 0.34068627450980393 0.5484068627450981 0.33578431372549017 0.5392156862745098 0.31413398692810457 0.5444240196078431 0.30514705882352944 0.5569852941176471 0.3047385620915033
25 0.8290441176470589 0.9836601307189542 0.8541666666666666 0.9906045751633987 0.8676470588235294 0.9995915032679739 0.8051470588235294 0.9995915032679739 0.7971813725490197 0.9840686274509803 0.8287377450980392 0.9836601307189542
25 0.8017769607843137 0.5175653594771242 0.8486519607843137 0.5294117647058824 0.8514093137254902 0.5359477124183006 0.8501838235294118 0.5396241830065359 0.8419117647058824 0.5502450980392157 0.8385416666666666 0.5490196078431373 0.8321078431372549 0.5522875816993464 0.8036151960784313 0.5416666666666666 0.7913602941176471 0.5396241830065359 0.7962622549019608 0.5363562091503268 0.789828431372549 0.5257352941176471 0.7843137254901961 0.5228758169934641 0.7837009803921569 0.5187908496732027 0.7895220588235294 0.5159313725490197 0.8014705882352942 0.5175653594771242
25 0.6688112745098039 0.2847222222222222 0.6871936274509803 0.2883986928104575 0.6969975490196079 0.2957516339869281 0.6930147058823529 0.3133169934640523 0.6853553921568627 0.3312908496732026 0.6798406862745098 0.3382352941176471 0.6786151960784313 0.3464052287581699 0.6758578431372549 0.34191176470588236 0.6776960784313726 0.3382352941176471 0.6758578431372549 0.3349673202614379 0.6513480392156863 0.3243464052287582 0.6424632352941176 0.3075980392156863 0.6439950980392157 0.3047385620915033 0.6510416666666666 0.3043300653594771 0.6537990196078431 0.3014705882352941 0.6544117647058824 0.29616013071895425 0.6504289215686274 0.289624183006536 0.6510416666666666 0.28717320261437906 0.6685049019607843 0.2847222222222222
25 0.6302083333333334 0.3545751633986928 0.6439950980392157 0.36151960784313725 0.6550245098039216 0.3729575163398693 0.6553308823529411 0.3762254901960784 0.6531862745098039 0.3799019607843137 0.6366421568627451 0.3799019607843137 0.6277573529411765 0.3827614379084967 0.616421568627451 0.3799019607843137 0.6124387254901961 0.37459150326797386 0.6121323529411765 0.36764705882352944 0.6182598039215687 0.35580065359477125 0.6299019607843137 0.3545751633986928
25 0.30361519607843135 0.46282679738562094 0.31954656862745096 0.4738562091503268 0.32046568627450983 0.48080065359477125 0.3235294117647059 0.4852941176470588 0.32199754901960786 0.4910130718954248 0.31832107843137253 0.49264705882352944 0.2916666666666667 0.4918300653594771 0.28339460784313725 0.4869281045751634 0.28278186274509803 0.47875816993464054 0.28952205882352944 0.46854575163398693 0.2965686274509804 0.4632352941176471 0.30330882352941174 0.46282679738562094
25 0.3318014705882353 0.6200980392156863 0.3428308823529412 0.6241830065359477 0.3474264705882353 0.6286764705882353 0.3556985294117647 0.6507352941176471 0.35294117647058826 0.6752450980392157 0.34681372549019607 0.690359477124183 0.34375 0.6928104575163399 0.31004901960784315 0.6825980392156863 0.2974877450980392 0.6752450980392157 0.3244485294117647 0.6266339869281046 0.3314950980392157 0.6200980392156863
25 0.6409313725490197 0.414624183006536 0.6550245098039216 0.4178921568627451 0.6577818627450981 0.4244281045751634 0.6439950980392157 0.46895424836601307 0.640625 0.4775326797385621 0.6372549019607843 0.4795751633986928 0.6050857843137255 0.4758986928104575 0.6011029411764706 0.4722222222222222 0.5934436274509803 0.4493464052287582 0.5952818627450981 0.44607843137254904 0.6026348039215687 0.4440359477124183 0.6081495098039216 0.4354575163398693 0.6072303921568627 0.42769607843137253 0.6029411764705882 0.4178921568627451 0.6188725490196079 0.41380718954248363 0.640625 0.414624183006536
25 0.7904411764705882 0.5416666666666666 0.8030024509803921 0.5424836601307189 0.8219975490196079 0.5494281045751634 0.8440563725490197 0.5657679738562091 0.8566176470588235 0.5816993464052288 0.8602941176470589 0.5939542483660131 0.859375 0.5980392156862745 0.8569240196078431 0.5984477124183006 0.7619485294117647 0.573937908496732 0.7601102941176471 0.571078431372549 0.7616421568627451 0.5604575163398693 0.7689950980392157 0.5498366013071896 0.7901348039215687 0.5416666666666666
25 0.27941176470588236 0.28880718954248363 0.29044117647058826 0.29411764705882354 0.29442401960784315 0.29983660130718953 0.29534313725490197 0.30392156862745096 0.29381127450980393 0.30637254901960786 0.26256127450980393 0.3002450980392157 0.26286764705882354 0.2965686274509804 0.2668504901960784 0.29248366013071897 0.27910539215686275 0.28880718954248363
25 0.3802083333333333 0.37336601307189543 0.3939950980392157 0.37745098039215685 0.3946078431372549 0.38357843137254904 0.3700980392156863 0.42606209150326796 0.3630514705882353 0.43137254901960786 0.3477328431372549 0.43014705882352944 0.3385416666666667 0.4252450980392157 0.33670343137254904 0.42197712418300654 0.33517156862745096 0.40441176470588236 0.34620098039215685 0.3991013071895425 0.35079656862745096 0.3929738562091503 0.35049019607843135 0.37663398692810457 0.36917892156862747 0.37254901960784315 0.3799019607843137 0.37336601307189543
25 0.4963235294117647 0.32230392156862747 0.5101102941176471 0.3292483660130719 0.5143995098039216 0.33782679738562094 0.5122549019607843 0.34068627450980393 0.47794117647058826 0.3341503267973856 0.47702205882352944 0.3304738562091503 0.4840686274509804 0.32230392156862747 0.4960171568627451 0.32230392156862747
25 0.21599264705882354 0.5825163398692811 0.2267156862745098 0.5898692810457516 0.24877450980392157 0.5951797385620915 0.24540441176470587 0.6053921568627451 0.2349877450980392 0.6233660130718954 0.22794117647058823 0.6286764705882353 0.21017156862745098 0.6270424836601307 0.2028186274509804 0.6233660130718954 0.19822303921568626 0.616421568627451 0.20067401960784315 0.6070261437908496 0.19944852941176472 0.5910947712418301 0.20557598039215685 0.5845588235294118 0.21568627450980393 0.5825163398692811
25 0.9788602941176471 0.48733660130718953 0.9996936274509803 0.49264705882352944 0.9996936274509803 0.5196078431372549 0.9978553921568627 0.5200163398692811 0.9969362745098039 0.5269607843137255 0.9969362745098039 0.5298202614379085 0.9996936274509803 0.5314542483660131 0.9996936274509803 0.5665849673202614 0.9960171568627451 0.5669934640522876 0.9764093137254902 0.5645424836601307 0.9604779411764706 0.5584150326797386 0.9390318627450981 0.5318627450980392 0.9393382352941176 0.5257352941176471 0.9466911764705882 0.5241013071895425 0.9518995098039216 0.5155228758169934 0.9506740196078431 0.508578431372549 0.9405637254901961 0.49468954248366015 0.9405637254901961 0.4910130718954248 0.9525122549019608 0.4877450980392157 0.9785539215686274 0.48733660130718953
25 0.1326593137254902 0.5694444444444444 0.1482843137254902 0.5751633986928104 0.15196078431372548 0.5808823529411765 0.15471813725490197 0.5919117647058824 0.15349264705882354 0.6090686274509803 0.14920343137254902 0.6196895424836601 0.14399509803921567 0.6274509803921569 0.13817401960784315 0.6315359477124183 0.11519607843137254 0.6266339869281046 0.07322303921568628 0.6127450980392157 0.06801470588235294 0.6090686274509803 0.06954656862745098 0.6037581699346405 0.07965686274509803 0.5898692810457516 0.09497549019607843 0.5776143790849673 0.11672794117647059 0.5702614379084967 0.1323529411764706 0.5694444444444444
25 0.20465686274509803 0.3897058823529412 0.2184436274509804 0.39338235294117646 0.22150735294117646 0.39705882352941174 0.21752450980392157 0.40236928104575165 0.21017156862745098 0.40604575163398693 0.19362745098039216 0.40441176470588236 0.18995098039215685 0.3999183006535948 0.18933823529411764 0.3974673202614379 0.19424019607843138 0.3901143790849673 0.20435049019607843 0.3897058823529412
25 0.9473039215686274 0.38929738562091504 0.9595588235294118 0.39501633986928103 0.9911151960784313 0.39338235294117646 0.9935661764705882 0.40032679738562094 0.9911151960784313 0.4207516339869281 0.9656862745098039 0.42034313725490197 0.9488357843137255 0.4166666666666667 0.9310661764705882 0.3946078431372549 0.9347426470588235 0.3901143790849673 0.9469975490196079 0.38929738562091504
25 0.9371936274509803 0.8508986928104575 0.9479166666666666 0.863562091503268 0.9632352941176471 0.872140522875817 0.9822303921568627 0.8774509803921569 0.9996936274509803 0.877859477124183 0.9996936274509803 0.9362745098039216 0.9960171568627451 0.9366830065359477 0.9797794117647058 0.934640522875817 0.9598651960784313 0.9084967320261438 0.9466911764705882 0.9019607843137255 0.9341299019607843 0.8913398692810458 0.9212622549019608 0.869281045751634 0.9203431372549019 0.8611111111111112 0.9215686274509803 0.8553921568627451 0.9258578431372549 0.8521241830065359 0.9368872549019608 0.8508986928104575
25 0.4362745098039216 0.9072712418300654 0.45067401960784315 0.9129901960784313 0.45526960784313725 0.9178921568627451 0.45955882352941174 0.9415849673202614 0.45894607843137253 0.9464869281045751 0.4564950980392157 0.9481209150326797 0.43596813725490197 0.9358660130718954 0.43075980392156865 0.9244281045751634 0.42034313725490197 0.9113562091503268 0.4209558823529412 0.9076797385620915 0.43596813725490197 0.9072712418300654
25 0.9549632352941176 0.5559640522875817 0.977328431372549 0.5657679738562091 0.9996936274509803 0.5678104575163399 0.9996936274509803 0.6070261437908496 0.9957107843137255 0.6074346405228758 0.9727328431372549 0.6029411764705882 0.9623161764705882 0.5992647058823529 0.9564950980392157 0.5939542483660131 0.9485294117647058 0.5780228758169934 0.9420955882352942 0.5723039215686274 0.9381127450980392 0.5649509803921569 0.9402573529411765 0.5584150326797386 0.9546568627450981 0.5559640522875817
25 0.3333333333333333 0.2704248366013072 0.36611519607843135 0.27532679738562094 0.37745098039215685 0.27941176470588236 0.37653186274509803 0.28594771241830064 0.3627450980392157 0.2875816993464052 0.35018382352941174 0.3022875816993464 0.3290441176470588 0.2986111111111111 0.3232230392156863 0.29411764705882354 0.32046568627450983 0.2863562091503268 0.32046568627450983 0.27736928104575165 0.3330269607843137 0.2704248366013072
25 0.578125 0.5196078431372549 0.5968137254901961 0.5294117647058824 0.6001838235294118 0.5379901960784313 0.6060049019607843 0.5453431372549019 0.6053921568627451 0.5477941176470589 0.6004901960784313 0.5494281045751634 0.571078431372549 0.548202614379085 0.5575980392156863 0.5416666666666666 0.5563725490196079 0.5330882352941176 0.5606617647058824 0.5241013071895425 0.5683210784313726 0.5187908496732027 0.5778186274509803 0.5196078431372549
25 0.3946078431372549 0.3022875816993464 0.4065563725490196 0.3116830065359477 0.4227941176470588 0.3174019607843137 0.4178921568627451 0.3304738562091503 0.41207107843137253 0.33700980392156865 0.3943014705882353 0.33169934640522875 0.39276960784313725 0.3247549019607843 0.38388480392156865 0.3145424836601307 0.38296568627450983 0.31004901960784315 0.3866421568627451 0.3035130718954248 0.3943014705882353 0.3022875816993464
25 0.8955269607843137 0.8059640522875817 0.9019607843137255 0.8092320261437909 0.9044117647058824 0.8174019607843137 0.9031862745098039 0.8884803921568627 0.9010416666666666 0.8929738562091504 0.8480392156862745 0.8737745098039216 0.8440563725490197 0.8700980392156863 0.8452818627450981 0.8521241830065359 0.8630514705882353 0.8255718954248366 0.8811274509803921 0.8100490196078431 0.8952205882352942 0.8059640522875817
25 0.8333333333333334 0.926062091503268 0.8556985294117647 0.9309640522875817 0.8802083333333334 0.9415849673202614 0.9059436274509803 0.9599673202614379 0.9080882352941176 0.9636437908496732 0.9077818627450981 0.9701797385620915 0.8943014705882353 0.9750816993464052 0.8814338235294118 0.9840686274509803 0.8599877450980392 0.9812091503267973 0.8428308823529411 0.9750816993464052 0.8241421568627451 0.9742647058823529 0.8177083333333334 0.9705882352941176 0.8146446078431373 0.9636437908496732 0.8121936274509803 0.9468954248366013 0.8020833333333334 0.9305555555555556 0.8033088235294118 0.9285130718954249 0.8330269607843137 0.926062091503268
25 0.13204656862745098 0.7095588235294118 0.1642156862745098 0.7275326797385621 0.16881127450980393 0.7336601307189542 0.16513480392156862 0.735702614379085 0.11611519607843138 0.7144607843137255 0.11488970588235294 0.7128267973856209 0.11672794117647059 0.7095588235294118 0.13174019607843138 0.7095588235294118
25 0.5683210784313726 0.47998366013071897 0.5729166666666666 0.4824346405228758 0.5726102941176471 0.4877450980392157 0.5615808823529411 0.5175653594771242 0.5575980392156863 0.5224673202614379 0.5287990196078431 0.5155228758169934 0.5254289215686274 0.5118464052287581 0.5260416666666666 0.505718954248366 0.5278799019607843 0.5004084967320261 0.5370710784313726 0.4897875816993464 0.5502450980392157 0.48366013071895425 0.5680147058823529 0.47998366013071897
25 0.9378063725490197 0.42606209150326796 0.9494485294117647 0.4338235294117647 0.9595588235294118 0.4362745098039216 0.9650735294117647 0.4424019607843137 0.977328431372549 0.44607843137254904 0.9797794117647058 0.4497549019607843 0.9739583333333334 0.4522058823529412 0.9283088235294118 0.4424019607843137 0.921875 0.4354575163398693 0.9215686274509803 0.4297385620915033 0.9283088235294118 0.4256535947712418 0.9375 0.42606209150326796
25 0.49111519607843135 0.4652777777777778 0.5098039215686274 0.47181372549019607 0.5202205882352942 0.48161764705882354 0.5260416666666666 0.5049019607843137 0.5251225490196079 0.5122549019607843 0.5223651960784313 0.5138888888888888 0.4797794117647059 0.5049019607843137 0.44424019607843135 0.494281045751634 0.44424019607843135 0.48937908496732024 0.44730392156862747 0.4840686274509804 0.46017156862745096 0.47181372549019607 0.4733455882352941 0.46691176470588236 0.49080882352941174 0.4652777777777778
25 0.40778186274509803 0.28594771241830064 0.43443627450980393 0.2965686274509804 0.4329044117647059 0.306781045751634 0.4261642156862745 0.31576797385620914 0.4224877450980392 0.31699346405228757 0.40778186274509803 0.31290849673202614 0.3961397058823529 0.30269607843137253 0.39276960784313725 0.289624183006536 0.39859068627450983 0.2863562091503268 0.4074754901960784 0.28594771241830064
25 0.6933210784313726 0.10866013071895425 0.7162990196078431 0.11233660130718955 0.7166053921568627 0.12663398692810457 0.7144607843137255 0.1315359477124183 0.711703431372549 0.1323529411764706 0.6908700980392157 0.13031045751633988 0.6884191176470589 0.12663398692810457 0.6871936274509803 0.11151960784313726 0.6930147058823529 0.10866013071895425
25 0.20067401960784315 0.4056372549019608 0.20649509803921567 0.4089052287581699 0.20894607843137256 0.4178921568627451 0.21384803921568626 0.42483660130718953 0.20986519607843138 0.4354575163398693 0.20098039215686275 0.44281045751633985 0.17585784313725492 0.4383169934640523 0.16145833333333334 0.43218954248366015 0.17892156862745098 0.41013071895424835 0.18535539215686275 0.40645424836601307 0.20036764705882354 0.4056372549019608
25 0.5683210784313726 0.5906862745098039 0.5906862745098039 0.5947712418300654 0.6026348039215687 0.6017156862745098 0.602328431372549 0.6086601307189542 0.5931372549019608 0.6368464052287581 0.5848651960784313 0.6470588235294118 0.5750612745098039 0.6409313725490197 0.5536151960784313 0.6401143790849673 0.5428921568627451 0.6433823529411765 0.5355392156862745 0.6368464052287581 0.5450367647058824 0.6200980392156863 0.5389093137254902 0.5988562091503268 0.539828431372549 0.5959967320261438 0.5680147058823529 0.5906862745098039
25 0.640625 0.33905228758169936 0.6498161764705882 0.3472222222222222 0.6752450980392157 0.35498366013071897 0.6758578431372549 0.35947712418300654 0.6715686274509803 0.37173202614379086 0.6666666666666666 0.3770424836601307 0.6479779411764706 0.3713235294117647 0.6421568627450981 0.36233660130718953 0.6295955882352942 0.3508986928104575 0.6295955882352942 0.3415032679738562 0.6403186274509803 0.33905228758169936
25 0.9191176470588235 0.38357843137254904 0.9221813725490197 0.3872549019607843 0.9221813725490197 0.4007352941176471 0.9185049019607843 0.4076797385620915 0.8970588235294118 0.4035947712418301 0.8936887254901961 0.4007352941176471 0.8924632352941176 0.3929738562091503 0.8933823529411765 0.38480392156862747 0.8958333333333334 0.38235294117647056 0.9188112745098039 0.38357843137254904
25 0.7659313725490197 0.7446895424836601 0.7931985294117647 0.7516339869281046 0.8180147058823529 0.761437908496732 0.8192401960784313 0.7691993464052288 0.8174019607843137 0.7745098039215687 0.8036151960784313 0.7781862745098039 0.7919730392156863 0.7769607843137255 0.7711397058823529 0.7700163398692811 0.7598039215686274 0.7622549019607843 0.7539828431372549 0.7553104575163399 0.7533700980392157 0.7516339869281046 0.7579656862745098 0.7446895424836601 0.765625 0.7446895424836601
25 0.6470588235294118 0.3206699346405229 0.6731004901960784 0.3321078431372549 0.6822916666666666 0.33251633986928103 0.6819852941176471 0.34272875816993464 0.6752450980392157 0.3562091503267974 0.6525735294117647 0.3492647058823529 0.6424632352941176 0.3431372549019608 0.6390931372549019 0.33374183006535946 0.6360294117647058 0.33088235294117646 0.6351102941176471 0.3243464052287582 0.6390931372549019 0.3206699346405229 0.6467524509803921 0.3206699346405229
25 0.9185049019607843 0.40645424836601307 0.9200367647058824 0.41217320261437906 0.9181985294117647 0.4285130718954248 0.8762254901960784 0.41830065359477125 0.8777573529411765 0.414624183006536 0.8909313725490197 0.4068627450980392 0.9181985294117647 0.40645424836601307
25 0.7245710784313726 0.5224673202614379 0.7423406862745098 0.5351307189542484 0.7518382352941176 0.5469771241830066 0.7552083333333334 0.5551470588235294 0.7564338235294118 0.5657679738562091 0.7555147058823529 0.5706699346405228 0.7530637254901961 0.5718954248366013 0.7144607843137255 0.5604575163398693 0.7169117647058824 0.5453431372549019 0.7242647058823529 0.5224673202614379
25 0.9433210784313726 0.41013071895424835 0.9497549019607843 0.4158496732026144 0.9632352941176471 0.41911764705882354 0.9862132352941176 0.4187091503267974 0.9911151960784313 0.41421568627450983 0.9935661764705882 0.4195261437908497 0.9935661764705882 0.43913398692810457 0.9886642156862745 0.44281045751633985 0.9776348039215687 0.4452614379084967 0.9647671568627451 0.4440359477124183 0.9592524509803921 0.4387254901960784 0.9534313725490197 0.43709150326797386 0.9494485294117647 0.43913398692810457 0.9463848039215687 0.431781045751634 0.9313725490196079 0.4178921568627451 0.9322916666666666 0.41299019607843135 0.9430147058823529 0.41013071895424835
25 0.1878063725490196 0.8619281045751634 0.19424019607843138 0.8680555555555556 0.19607843137254902 0.8762254901960784 0.19669117647058823 0.8656045751633987 0.19883578431372548 0.8643790849673203 0.20588235294117646 0.8668300653594772 0.21262254901960784 0.8729575163398693 0.22120098039215685 0.8884803921568627 0.22303921568627452 0.8978758169934641 0.22058823529411764 0.9011437908496732 0.2110906862745098 0.8974673202614379 0.19944852941176472 0.8762254901960784 0.19791666666666666 0.883578431372549 0.20098039215686275 0.8905228758169934 0.19270833333333334 0.8880718954248366 0.18627450980392157 0.8811274509803921 0.17738970588235295 0.8684640522875817 0.1795343137254902 0.8643790849673203 0.1875 0.8619281045751634
25 0.9537377450980392 0.6981209150326797 0.9745710784313726 0.7009803921568627 0.9996936274509803 0.7087418300653595 0.9996936274509803 0.7622549019607843 0.9543504901960784 0.7602124183006536 0.9494485294117647 0.7630718954248366 0.9356617647058824 0.7593954248366013 0.9319852941176471 0.7544934640522876 0.9316789215686274 0.7475490196078431 0.9350490196078431 0.7381535947712419 0.9338235294117647 0.7324346405228758 0.9273897058823529 0.7185457516339869 0.9185049019607843 0.7062908496732027 0.9221813725490197 0.7030228758169934 0.9387254901960784 0.6985294117647058 0.9534313725490197 0.6981209150326797
25 0.3072916666666667 0.4366830065359477 0.30667892156862747 0.4415849673202614 0.29503676470588236 0.46200980392156865 0.28982843137254904 0.4673202614379085 0.27879901960784315 0.4644607843137255 0.2775735294117647 0.46282679738562094 0.27910539215686275 0.4583333333333333 0.2855392156862745 0.4485294117647059 0.2962622549019608 0.43913398692810457 0.3069852941176471 0.4366830065359477
25 0.914828431372549 0.5694444444444444 0.921875 0.5706699346405228 0.9249387254901961 0.576797385620915 0.9243259803921569 0.6021241830065359 0.921875 0.6139705882352942 0.8823529411764706 0.6066176470588235 0.8645833333333334 0.5992647058823529 0.8688725490196079 0.5849673202614379 0.8799019607843137 0.573937908496732 0.8927696078431373 0.5694444444444444 0.9145220588235294 0.5694444444444444
25 0.44362745098039214 0.25040849673202614 0.45465686274509803 0.2540849673202614 0.45894607843137253 0.2589869281045752 0.453125 0.2716503267973856 0.43566176470588236 0.29616013071895425 0.4212622549019608 0.29330065359477125 0.40900735294117646 0.2867647058823529 0.40441176470588236 0.27205882352941174 0.4178921568627451 0.2630718954248366 0.4185049019607843 0.25163398692810457 0.44332107843137253 0.25040849673202614