18 0.35753676470588236 0.954248366013072 0.3627450980392157 0.9595588235294118 0.36213235294117646 0.9750816993464052 0.3599877450980392 0.9791666666666666 0.35263480392156865 0.9816176470588235 0.3425245098039216 0.9812091503267973 0.3391544117647059 0.9767156862745098 0.34528186274509803 0.9554738562091504 0.35232843137254904 0.9530228758169934 0.35723039215686275 0.954248366013072
18 0.6020220588235294 0.8084150326797386 0.6072303921568627 0.8116830065359477 0.6096813725490197 0.8382352941176471 0.6072303921568627 0.8435457516339869 0.5992647058823529 0.8459967320261438 0.5909926470588235 0.8431372549019608 0.5876225490196079 0.823937908496732 0.5848651960784313 0.8206699346405228 0.5863970588235294 0.8104575163398693 0.6017156862745098 0.8084150326797386
18 0.5330882352941176 0.8084150326797386 0.539828431372549 0.8104575163398693 0.5431985294117647 0.8161764705882353 0.5413602941176471 0.8406862745098039 0.5361519607843137 0.8521241830065359 0.5223651960784313 0.8541666666666666 0.5091911764705882 0.8521241830065359 0.5012254901960784 0.8406862745098039 0.5012254901960784 0.8280228758169934 0.5045955882352942 0.8198529411764706 0.5119485294117647 0.8112745098039216 0.5327818627450981 0.8084150326797386
18 0.40900735294117646 0.6045751633986928 0.4114583333333333 0.6090686274509803 0.4114583333333333 0.6196895424836601 0.40808823529411764 0.6245915032679739 0.3939950980392157 0.6225490196078431 0.3897058823529412 0.6151960784313726 0.3939950980392157 0.6045751633986928 0.40870098039215685 0.6045751633986928
18 0.6014093137254902 0.5008169934640523 0.6050857843137255 0.5081699346405228 0.6041666666666666 0.5159313725490197 0.6004901960784313 0.5224673202614379 0.5906862745098039 0.5257352941176471 0.5793504901960784 0.5224673202614379 0.5765931372549019 0.5122549019607843 0.5778186274509803 0.5053104575163399 0.5873161764705882 0.5008169934640523 0.6011029411764706 0.5008169934640523
18 0.5404411764705882 0.2647058823529412 0.5453431372549019 0.2687908496732026 0.5456495098039216 0.27941176470588236 0.5431985294117647 0.2834967320261438 0.5395220588235294 0.2839052287581699 0.5303308823529411 0.2916666666666667 0.5248161764705882 0.28513071895424835 0.5248161764705882 0.2761437908496732 0.5300245098039216 0.2687908496732026 0.5401348039215687 0.2647058823529412
18 0.5441176470588235 0.2834967320261438 0.5477941176470589 0.2994281045751634 0.5416666666666666 0.3047385620915033 0.5327818627450981 0.30106209150326796 0.5309436274509803 0.2928921568627451 0.5370710784313726 0.2863562091503268 0.5438112745098039 0.2834967320261438
18 0.9120710784313726 0.6021241830065359 0.9224877450980392 0.5882352941176471 0.9356617647058824 0.5849673202614379 0.9371936274509803 0.5882352941176471 0.9359681372549019 0.5972222222222222 0.9319852941176471 0.6037581699346405 0.9181985294117647 0.6066176470588235 0.9136029411764706 0.6058006535947712 0.9123774509803921 0.6025326797385621
18 0.6106004901960784 0.7843137254901961 0.6155024509803921 0.7859477124183006 0.6176470588235294 0.7933006535947712 0.6127450980392157 0.7994281045751634 0.6029411764705882 0.8006535947712419 0.5958946078431373 0.7977941176470589 0.5958946078431373 0.7896241830065359 0.5989583333333334 0.7859477124183006 0.6102941176470589 0.7843137254901961
18 0.3314950980392157 0.9150326797385621 0.3425245098039216 0.9256535947712419 0.3434436274509804 0.9399509803921569 0.32996323529411764 0.9775326797385621 0.3226102941176471 0.983251633986928 0.30943627450980393 0.9812091503267973 0.2959558823529412 0.9705882352941176 0.28829656862745096 0.9566993464052288 0.28952205882352944 0.9428104575163399 0.2931985294117647 0.9330065359477124 0.30453431372549017 0.9211601307189542 0.3170955882352941 0.9199346405228758 0.3238357843137255 0.9138071895424836 0.33118872549019607 0.9150326797385621
18 0.46170343137254904 0.5004084967320261 0.4678308823529412 0.5081699346405228 0.46721813725490197 0.5159313725490197 0.4635416666666667 0.5224673202614379 0.4543504901960784 0.5253267973856209 0.44424019607843135 0.5224673202614379 0.4387254901960784 0.5118464052287581 0.43903186274509803 0.5073529411764706 0.44730392156862747 0.5012254901960784 0.46139705882352944 0.5004084967320261
18 0.31954656862745096 0.18586601307189543 0.3229166666666667 0.18913398692810457 0.32169117647058826 0.20669934640522875 0.3318014705882353 0.21200980392156862 0.3391544117647059 0.22058823529411764 0.34221813725490197 0.23039215686274508 0.3425245098039216 0.24142156862745098 0.33578431372549017 0.26919934640522875 0.32199754901960786 0.2965686274509804 0.3174019607843137 0.3006535947712418 0.30361519607843135 0.2977941176470588 0.2809436274509804 0.27818627450980393 0.2689950980392157 0.27205882352941174 0.2619485294117647 0.26143790849673204 0.2610294117647059 0.25163398692810457 0.26838235294117646 0.23488562091503268 0.2757352941176471 0.22712418300653595 0.27236519607843135 0.22508169934640523 0.27205882352941174 0.22058823529411764 0.2760416666666667 0.20547385620915032 0.28125 0.2034313725490196 0.28278186274509803 0.19934640522875818 0.2864583333333333 0.2034313725490196 0.2935049019607843 0.20179738562091504 0.29963235294117646 0.20669934640522875 0.3008578431372549 0.2136437908496732 0.30300245098039214 0.2099673202614379 0.3023897058823529 0.2062908496732026 0.3072916666666667 0.20588235294117646 0.31066176470588236 0.20179738562091504 0.3137254901960784 0.2042483660130719 0.3177083333333333 0.20302287581699346 0.3174019607843137 0.19934640522875818 0.3131127450980392 0.1977124183006536 0.3164828431372549 0.19240196078431374 0.30974264705882354 0.18913398692810457 0.31924019607843135 0.18586601307189543
18 0.36519607843137253 0.5702614379084967 0.3716299019607843 0.5816993464052288 0.38327205882352944 0.5898692810457516 0.3860294117647059 0.5980392156862745 0.3805147058823529 0.6102941176470589 0.3716299019607843 0.6196895424836601 0.36642156862745096 0.6209150326797386 0.35692401960784315 0.6205065359477124 0.33486519607843135 0.6119281045751634 0.3247549019607843 0.610702614379085 0.32077205882352944 0.6058006535947712 0.3321078431372549 0.5743464052287581 0.34221813725490197 0.5727124183006536 0.3474264705882353 0.5784313725490197 0.35263480392156865 0.5800653594771242 0.3553921568627451 0.5853758169934641 0.3599877450980392 0.5857843137254902 0.36243872549019607 0.5849673202614379 0.35784313725490197 0.5825163398692811 0.3553921568627451 0.571078431372549 0.3648897058823529 0.5702614379084967
18 0.8253676470588235 0.7855392156862745 0.8275122549019608 0.7896241830065359 0.8247549019607843 0.7977941176470589 0.8149509803921569 0.8006535947712419 0.8066789215686274 0.7998366013071896 0.8048406862745098 0.7965686274509803 0.8057598039215687 0.7896241830065359 0.8103553921568627 0.7855392156862745 0.8250612745098039 0.7855392156862745
18 0.7267156862745098 0.5 0.7300857843137255 0.5081699346405228 0.7288602941176471 0.5151143790849673 0.7242647058823529 0.5208333333333334 0.7150735294117647 0.5245098039215687 0.7068014705882353 0.5241013071895425 0.7028186274509803 0.5212418300653595 0.7009803921568627 0.5130718954248366 0.7028186274509803 0.5044934640522876 0.7193627450980392 0.49836601307189543 0.7264093137254902 0.5
18 0.600796568627451 0.5388071895424836 0.6069240196078431 0.5396241830065359 0.6063112745098039 0.5441176470588235 0.5888480392156863 0.5620915032679739 0.5848651960784313 0.5608660130718954 0.5818014705882353 0.5416666666666666 0.586703431372549 0.5388071895424836 0.6004901960784313 0.5388071895424836
18 0.4638480392156863 0.821078431372549 0.47549019607843135 0.8296568627450981 0.47763480392156865 0.8353758169934641 0.47671568627450983 0.8419117647058824 0.4417892156862745 0.8476307189542484 0.43535539215686275 0.8455882352941176 0.4378063725490196 0.8337418300653595 0.4491421568627451 0.8243464052287581 0.4635416666666667 0.821078431372549
18 0.31924019607843135 0.49959150326797386 0.3241421568627451 0.5016339869281046 0.33026960784313725 0.5118464052287581 0.32659313725490197 0.5224673202614379 0.3174019607843137 0.5253267973856209 0.30575980392156865 0.5208333333333334 0.3005514705882353 0.5077614379084967 0.30606617647058826 0.5016339869281046 0.31893382352941174 0.49959150326797386
18 0.17677696078431374 0.4987745098039216 0.18259803921568626 0.5012254901960784 0.1871936274509804 0.5073529411764706 0.18903186274509803 0.5163398692810458 0.18658088235294118 0.5228758169934641 0.17585784313725492 0.5257352941176471 0.16482843137254902 0.5204248366013072 0.15962009803921567 0.5118464052287581 0.15931372549019607 0.5077614379084967 0.1645220588235294 0.5008169934640523 0.17647058823529413 0.4987745098039216
18 0.585171568627451 0.9677287581699346 0.5919117647058824 0.9750816993464052 0.59375 0.9877450980392157 0.5821078431372549 0.9995915032679739 0.5796568627450981 0.9995915032679739 0.5735294117647058 0.988562091503268 0.5704656862745098 0.9738562091503268 0.5741421568627451 0.9697712418300654 0.5848651960784313 0.9677287581699346
18 0.9963235294117647 0.5 0.9996936274509803 0.5004084967320261 0.9996936274509803 0.5208333333333334 0.9901960784313726 0.5257352941176471 0.9767156862745098 0.5241013071895425 0.9754901960784313 0.5118464052287581 0.9810049019607843 0.5036764705882353 0.9960171568627451 0.5
18 0.632046568627451 0.5816993464052288 0.6415441176470589 0.5882352941176471 0.6412377450980392 0.6004901960784313 0.6510416666666666 0.6086601307189542 0.6531862745098039 0.6213235294117647 0.6452205882352942 0.6405228758169934 0.6302083333333334 0.6597222222222222 0.6200980392156863 0.6584967320261438 0.6053921568627451 0.6474673202614379 0.5946691176470589 0.6372549019607843 0.5912990196078431 0.6262254901960784 0.5980392156862745 0.6127450980392157 0.600796568627451 0.6017156862745098 0.6090686274509803 0.5902777777777778 0.6317401960784313 0.5816993464052288
18 0.7175245098039216 0.7843137254901961 0.7215073529411765 0.7867647058823529 0.7202818627450981 0.795751633986928 0.7098651960784313 0.801062091503268 0.7006740196078431 0.7994281045751634 0.7012867647058824 0.7892156862745098 0.7058823529411765 0.7851307189542484 0.7172181372549019 0.7843137254901961
18 0.5747549019607843 0.8970588235294118 0.5882352941176471 0.9040032679738562 0.5971200980392157 0.9166666666666666 0.602328431372549 0.9203431372549019 0.6038602941176471 0.9248366013071896 0.6041666666666666 0.9424019607843137 0.5998774509803921 0.9534313725490197 0.5805759803921569 0.9607843137254902 0.5603553921568627 0.9571078431372549 0.5551470588235294 0.9424019607843137 0.5551470588235294 0.9211601307189542 0.5594362745098039 0.9052287581699346 0.571078431372549 0.8970588235294118 0.5744485294117647 0.8970588235294118
18 0.5609681372549019 0.2630718954248366 0.5689338235294118 0.2696078431372549 0.571078431372549 0.2965686274509804 0.5575980392156863 0.3075980392156863 0.5496323529411765 0.3035130718954248 0.5459558823529411 0.2798202614379085 0.5505514705882353 0.26552287581699346 0.5606617647058824 0.2630718954248366
18 0.6761642156862745 0.6303104575163399 0.6783088235294118 0.6331699346405228 0.6764705882352942 0.6511437908496732 0.6749387254901961 0.6535947712418301 0.6681985294117647 0.6548202614379085 0.6541053921568627 0.6511437908496732 0.6541053921568627 0.6413398692810458 0.6596200980392157 0.6299019607843137 0.6758578431372549 0.6303104575163399
18 0.5759803921568627 0.2798202614379085 0.5821078431372549 0.28145424836601307 0.5848651960784313 0.29330065359477125 0.5808823529411765 0.30718954248366015 0.5756740196078431 0.31004901960784315 0.5719975490196079 0.30718954248366015 0.5704656862745098 0.2863562091503268 0.5713848039215687 0.2806372549019608 0.5756740196078431 0.2798202614379085
18 0.9068627450980392 0.5584150326797386 0.9154411764705882 0.5665849673202614 0.9160539215686274 0.5796568627450981 0.9087009803921569 0.5959967320261438 0.8958333333333334 0.6025326797385621 0.8915441176470589 0.6021241830065359 0.8900122549019608 0.5988562091503268 0.8939950980392157 0.5796568627450981 0.890625 0.5637254901960784 0.9037990196078431 0.5575980392156863 0.9065563725490197 0.5584150326797386