7 0.6962535014005602 0.29785247432306255 0.6995798319327731 0.30718954248366015 0.7039565826330533 0.31092436974789917 0.7127100840336135 0.3127917833800187 0.7440476190476191 0.3127917833800187 0.7498249299719888 0.31139122315592904 0.7542016806722689 0.3074229691876751 0.7552521008403361 0.30532212885154064 0.7564775910364145 0.28921568627450983 0.7550770308123249 0.2766106442577031 0.7521008403361344 0.27450980392156865 0.7426470588235294 0.2754435107376284 0.7368697478991597 0.27380952380952384 0.7330182072829131 0.27124183006535946 0.7239145658263305 0.2605042016806723 0.7204131652661064 0.2619047619047619 0.7193627450980392 0.2696078431372549 0.7181372549019608 0.27170868347338933 0.7151610644257703 0.27310924369747897 0.7001050420168067 0.2747432306255836 0.6981792717086834 0.2761437908496732 0.697829131652661 0.27801120448179273 0.6959033613445378 0.2927170868347339 0.6962535014005602 0.29785247432306255
8 0.5168067226890757 0.5497198879551821 0.5210084033613446 0.5557889822595705 0.520483193277311 0.5749299719887955 0.5155812324929971 0.580999066293184 0.5022759103641457 0.5842670401493931 0.4879201680672269 0.5814659197012139 0.49072128851540614 0.5604575163398693 0.5024509803921569 0.550186741363212 0.5166316526610645 0.5497198879551821
8 0.3849789915966387 0.438375350140056 0.39723389355742295 0.4418767507002801 0.4019607843137255 0.44724556489262374 0.4023109243697479 0.4703548085901027 0.3939075630252101 0.472922502334267 0.38165266106442575 0.4715219421101774 0.37640056022408963 0.4631185807656396 0.37657563025210083 0.4449112978524743 0.3800770308123249 0.438375350140056 0.38480392156862747 0.438375350140056
8 0.656687675070028 0.2735760971055089 0.6682422969187675 0.27521008403361347 0.6692927170868347 0.296218487394958 0.6647408963585434 0.30392156862745096 0.6493347338935574 0.30718954248366015 0.6370798319327731 0.30602240896358546 0.6348039215686274 0.303688141923436 0.635329131652661 0.2759103641456583 0.6404061624649859 0.2733426704014939 0.6565126050420168 0.2735760971055089
8 0.4227941176470588 0.5504201680672269 0.43539915966386555 0.5506535947712419 0.44030112044817926 0.5641923436041083 0.43995098039215685 0.5742296918767507 0.4376750700280112 0.5793650793650794 0.4275210084033613 0.5849673202614379 0.4178921568627451 0.5845004668534081 0.4100140056022409 0.5802987861811392 0.40878851540616246 0.553921568627451 0.4226190476190476 0.5504201680672269
8 0.47776610644257705 0.3795518207282913 0.5192577030812325 0.38235294117647056 0.5227591036414566 0.38445378151260506 0.5250350140056023 0.39659197012138186 0.523109243697479 0.4117647058823529 0.5164565826330533 0.4166666666666667 0.5026260504201681 0.41830065359477125 0.47461484593837533 0.4173669467787115 0.46586134453781514 0.411531279178338 0.4635854341736695 0.3972922502334267 0.46603641456582634 0.38468720821662 0.47041316526610644 0.37978524743230624 0.47759103641456585 0.3795518207282913
8 0.6582633053221288 0.4414098972922502 0.6636904761904762 0.4449112978524743 0.6654411764705882 0.46008403361344535 0.6633403361344538 0.4740896358543417 0.6580882352941176 0.477124183006536 0.6342787114845938 0.47478991596638653 0.6330532212885154 0.44607843137254904 0.6580882352941176 0.4414098972922502
8 0.7242647058823529 0.26213818860877686 0.7365196078431373 0.27380952380952384 0.7519257703081232 0.2742763772175537 0.7552521008403361 0.2766106442577031 0.7550770308123249 0.3050887021475257 0.7505252100840336 0.3106909430438842 0.7412464985994398 0.3127917833800187 0.7242647058823529 0.3104575163398693 0.7198879551820728 0.2761437908496732 0.7204131652661064 0.26704014939309056 0.7240896358543417 0.26213818860877686
8 0.6934523809523809 0.4995331465919701 0.7051820728291317 0.5016339869281046 0.7083333333333334 0.5051353874883286 0.7078081232492998 0.5224089635854342 0.7032563025210085 0.5331465919701214 0.6859243697478992 0.5329131652661064 0.6787464985994398 0.5249766573295985 0.6783963585434174 0.5109710550887021 0.6813725490196079 0.5014005602240896 0.6932773109243697 0.4995331465919701
8 0.728641456582633 0.6057422969187675 0.7312675070028011 0.6092436974789915 0.7328431372549019 0.6197478991596639 0.7317927170868347 0.6311858076563959 0.7232142857142857 0.6367880485527544 0.7104341736694678 0.6379551820728291 0.6995798319327731 0.6351540616246498 0.7016806722689075 0.6094771241830066 0.7128851540616247 0.6062091503267973 0.7284663865546218 0.6057422969187675
8 0.7452731092436975 0.3902894491129785 0.7485994397759104 0.403828197945845 0.7457983193277311 0.4215686274509804 0.7407212885154062 0.4246031746031746 0.7246148459383753 0.4260037348272642 0.7188375350140056 0.4253034547152194 0.7169117647058824 0.42180205415499533 0.7163865546218487 0.39402427637721754 0.7202380952380952 0.39169000933706816 0.7450980392156863 0.3902894491129785
8 0.6439075630252101 0.33590102707749764 0.6654411764705882 0.33636788048552757 0.6684173669467787 0.33870214752567696 0.6701680672268907 0.3555088702147526 0.6740196078431373 0.3592436974789916 0.6717436974789915 0.3627450980392157 0.6591386554621849 0.36671335200746963 0.6439075630252101 0.36554621848739494 0.6365546218487395 0.3622782446311858 0.6358543417366946 0.338468720821662 0.6383053221288515 0.33590102707749764 0.6437324929971989 0.33590102707749764
8 0.38357843137254904 0.2619047619047619 0.4016106442577031 0.269140989729225 0.4005602240896359 0.27310924369747897 0.40318627450980393 0.2931839402427638 0.39198179271708683 0.2964519140989729 0.3802521008403361 0.2934173669467787 0.375 0.28291316526610644 0.3737745098039216 0.27240896358543415 0.37640056022408963 0.26213818860877686 0.38340336134453784 0.2619047619047619
8 0.4735644257703081 0.5494864612511672 0.48616946778711484 0.553921568627451 0.4898459383753501 0.5606909430438842 0.48704481792717086 0.5812324929971989 0.4786414565826331 0.5835667600373483 0.4642857142857143 0.5814659197012139 0.46060924369747897 0.5711951447245565 0.4630602240896359 0.5504201680672269 0.4733893557422969 0.5494864612511672
8 0.47181372549019607 0.4932306255835668 0.4887955182072829 0.49859943977591037 0.4879201680672269 0.5259103641456583 0.4803921568627451 0.5298786181139122 0.46691176470588236 0.5277777777777778 0.45973389355742295 0.5196078431372549 0.45973389355742295 0.5072362278244631 0.4635854341736695 0.4946311858076564 0.47163865546218486 0.4932306255835668
8 0.7349439775910365 0.5004668534080299 0.7380952380952381 0.5189075630252101 0.7354691876750701 0.5275443510737629 0.7267156862745098 0.5324463118580766 0.7141106442577031 0.534547152194211 0.7078081232492998 0.5331465919701214 0.7064075630252101 0.5296451914098973 0.7092086834733894 0.5028011204481793 0.7347689075630253 0.5004668534080299
8 0.6190476190476191 0.3865546218487395 0.6265756302521008 0.3888888888888889 0.631827731092437 0.39402427637721754 0.6398809523809523 0.4180672268907563 0.6342787114845938 0.4215686274509804 0.6158963585434174 0.42133520074696545 0.6094187675070029 0.41900093370681607 0.6071428571428571 0.415499533146592 0.6060924369747899 0.3993930905695612 0.6083683473389355 0.3888888888888889 0.6125700280112045 0.3858543417366947 0.6188725490196079 0.3865546218487395
8 0.7037815126050421 0.223155929038282 0.7205882352941176 0.22478991596638656 0.7281162464985994 0.23062558356676005 0.7288165266106442 0.234593837535014 0.7239145658263305 0.2567693744164332 0.7204131652661064 0.2607376283846872 0.6971288515406162 0.25840336134453784 0.696953781512605 0.226890756302521 0.6980042016806722 0.2238562091503268 0.7036064425770309 0.223155929038282
8 0.38235294117647056 0.3211951447245565 0.4051120448179272 0.3326330532212885 0.4059873949579832 0.35294117647058826 0.40493697478991597 0.35597572362278246 0.40021008403361347 0.35714285714285715 0.38392857142857145 0.3557422969187675 0.37640056022408963 0.34897292250233425 0.3762254901960784 0.3258636788048553 0.3799019607843137 0.32072829131652664 0.38217787114845936 0.3211951447245565
8 0.47146358543417366 0.4376750700280112 0.484593837535014 0.43907563025210083 0.4900210084033613 0.4425770308123249 0.48757002801120447 0.4698879551820728 0.48161764705882354 0.472922502334267 0.4693627450980392 0.47198879551820727 0.46288515406162467 0.46451914098972924 0.46148459383753504 0.45284780578898226 0.4630602240896359 0.4430438842203548 0.46673669467787116 0.4381419234360411 0.47128851540616246 0.4376750700280112
8 0.6092436974789915 0.4969654528478058 0.6313025210084033 0.5016339869281046 0.6334033613445378 0.511437908496732 0.6293767507002801 0.5291783380018674 0.6153711484593838 0.5322128851540616 0.6092436974789915 0.530578898225957 0.6055672268907563 0.5263772175536882 0.6034663865546218 0.5149393090569561 0.6053921568627451 0.5014005602240896 0.6090686274509803 0.49719887955182074
8 0.7380952380952381 0.44794584500466855 0.7419467787114846 0.4565826330532213 0.7415966386554622 0.4703548085901027 0.7382703081232493 0.4773576097105509 0.7261904761904762 0.4815592903828198 0.7134103641456583 0.48132586367880487 0.7107843137254902 0.4785247432306256 0.7113095238095238 0.4505135387488329 0.7162114845938375 0.4481792717086835 0.7379201680672269 0.44794584500466855
8 0.27328431372549017 0.4780578898225957 0.2759103641456583 0.4796918767507003 0.2778361344537815 0.4876283846872082 0.2759103641456583 0.5002334267040149 0.27205882352941174 0.503734827264239 0.2622549019607843 0.5056022408963585 0.25210084033613445 0.5051353874883286 0.2501750700280112 0.5018674136321195 0.2535014005602241 0.480859010270775 0.25910364145658266 0.4778244631185808 0.27310924369747897 0.4780578898225957
8 0.47006302521008403 0.32679738562091504 0.49124649859943975 0.3326330532212885 0.49264705882352944 0.3408029878618114 0.49142156862745096 0.3562091503267974 0.49072128851540614 0.3592436974789916 0.48634453781512604 0.3611111111111111 0.4728641456582633 0.3597105508870215 0.46656162464985995 0.353874883286648 0.4642857142857143 0.33473389355742295 0.46673669467787116 0.32703081232493 0.4698879551820728 0.32679738562091504
8 0.3557422969187675 0.37791783380018673 0.3599439775910364 0.3865546218487395 0.3597689075630252 0.3975256769374416 0.35784313725490197 0.40102707749766575 0.35259103641456585 0.4019607843137255 0.3315826330532213 0.4012605042016807 0.32948179271708683 0.38095238095238093 0.33455882352941174 0.3760504201680672 0.3555672268907563 0.37791783380018673
8 0.4117647058823529 0.32212885154061627 0.42507002801120447 0.32703081232493 0.43925070028011204 0.32703081232493 0.4411764705882353 0.33940242763772177 0.44012605042016806 0.3520074696545285 0.43557422969187676 0.3566760037348273 0.42787114845938373 0.3585434173669468 0.41456582633053224 0.35784313725490197 0.4070378151260504 0.3536414565826331 0.4070378151260504 0.3277310924369748 0.40843837535014005 0.3235294117647059 0.4115896358543417 0.32212885154061627
8 0.38235294117647056 0.5499533146591971 0.3960084033613445 0.5534547152194211 0.405812324929972 0.5618580765639589 0.40931372549019607 0.5814659197012139 0.39338235294117646 0.5854341736694678 0.38287815126050423 0.584733893557423 0.37710084033613445 0.5777310924369747 0.37657563025210083 0.5562558356676004 0.3795518207282913 0.550186741363212 0.38217787114845936 0.5499533146591971
8 0.5021008403361344 0.3277310924369748 0.5260854341736695 0.32983193277310924 0.5278361344537815 0.3438375350140056 0.5267857142857143 0.3562091503267974 0.5245098039215687 0.3597105508870215 0.5196078431372549 0.36087768440709617 0.4998249299719888 0.36087768440709617 0.49404761904761907 0.3573762838468721 0.49299719887955185 0.3314659197012138 0.5019257703081232 0.3277310924369748
8 0.43574929971988796 0.4381419234360411 0.43995098039215685 0.44537815126050423 0.43995098039215685 0.46405228758169936 0.4341736694677871 0.4708216619981326 0.4255952380952381 0.4726890756302521 0.4009103641456583 0.4703548085901027 0.4026610644257703 0.45168067226890757 0.40808823529411764 0.44397759103641454 0.43557422969187676 0.4381419234360411
8 0.4325980392156863 0.4939309056956116 0.436624649859944 0.49533146591970123 0.44012605042016806 0.5049019607843137 0.44065126050420167 0.5189075630252101 0.4318977591036415 0.5284780578898226 0.4222689075630252 0.5303454715219421 0.4161414565826331 0.5298786181139122 0.41281512605042014 0.5263772175536882 0.41421568627450983 0.5023342670401494 0.4184173669467787 0.496265172735761 0.42874649859943975 0.49673202614379086 0.4324229691876751 0.4939309056956116
8 0.29499299719887956 0.37138188608776845 0.3174019607843137 0.37441643323996265 0.32002801120448177 0.38492063492063494 0.31985294117647056 0.3933239962651727 0.3163515406162465 0.40219421101774044 0.3089985994397759 0.4061624649859944 0.2969187675070028 0.4068627450980392 0.28991596638655465 0.40639589169000934 0.28799019607843135 0.39869281045751637 0.28869047619047616 0.3746498599439776 0.29481792717086835 0.37138188608776845
8 0.4362745098039216 0.38235294117647056 0.43907563025210083 0.3825863678804855 0.4413515406162465 0.38748832866479926 0.4427521008403361 0.40522875816993464 0.43942577030812324 0.4129318394024276 0.42909663865546216 0.41596638655462187 0.41246498599439774 0.4133986928104575 0.4107142857142857 0.3902894491129785 0.41491596638655465 0.3851540616246499 0.43609943977591037 0.38235294117647056
8 0.6938025210084033 0.3900560224089636 0.7128851540616247 0.3933239962651727 0.7179621848739496 0.40219421101774044 0.7188375350140056 0.41199813258636786 0.7160364145658263 0.4234360410830999 0.7032563025210085 0.4264705882352941 0.6925770308123249 0.4246031746031746 0.6864495798319328 0.4180672268907563 0.6885504201680672 0.3956582633053221 0.6936274509803921 0.3900560224089636
8 0.6302521008403361 0.2742763772175537 0.634453781512605 0.2826797385620915 0.634453781512605 0.30392156862745096 0.6244747899159664 0.3074229691876751 0.6111694677871149 0.303688141923436 0.6078431372549019 0.2934173669467787 0.6081932773109243 0.28291316526610644 0.6097689075630253 0.2784780578898226 0.614670868347339 0.27567693744164334 0.6300770308123249 0.2742763772175537
8 0.3175770308123249 0.42670401493930904 0.31915266106442575 0.4507469654528478 0.3170518207282913 0.453781512605042 0.3075980392156863 0.4556489262371615 0.29411764705882354 0.45284780578898226 0.2914915966386555 0.4304388422035481 0.2965686274509804 0.4271708683473389 0.3174019607843137 0.42670401493930904
8 0.38392857142857145 0.4934640522875817 0.40458683473389356 0.49486461251167135 0.41299019607843135 0.4988328664799253 0.41334033613445376 0.5259103641456583 0.4024859943977591 0.5298786181139122 0.38357843137254904 0.5291783380018674 0.37675070028011204 0.5235760971055089 0.37657563025210083 0.49859943977591037 0.3788515406162465 0.49416433239962654 0.38375350140056025 0.4934640522875817
8 0.6628151260504201 0.3888888888888889 0.6650910364145658 0.3895891690009337 0.6689425770308123 0.3972922502334267 0.6692927170868347 0.41059757236227823 0.6719187675070029 0.41830065359477125 0.6556372549019608 0.4227357609710551 0.6404061624649859 0.4222689075630252 0.632703081232493 0.41830065359477125 0.6365546218487395 0.41456582633053224 0.632703081232493 0.4049953314659197 0.6307773109243697 0.3914565826330532 0.6626400560224089 0.3888888888888889
8 0.729516806722689 0.5522875816993464 0.7349439775910365 0.5555555555555556 0.7344187675070029 0.5812324929971989 0.7274159663865546 0.5863678804855276 0.7205882352941176 0.5873015873015873 0.7062324929971989 0.5861344537815126 0.7023809523809523 0.5823996265172736 0.7036064425770309 0.5571895424836601 0.7062324929971989 0.5536881419234361 0.7293417366946778 0.5522875816993464
8 0.7158613445378151 0.27380952380952384 0.7204131652661064 0.2761437908496732 0.7242647058823529 0.28291316526610644 0.7247899159663865 0.3041549953314659 0.7244397759103641 0.3106909430438842 0.7155112044817927 0.3127917833800187 0.7057072829131653 0.311624649859944 0.6999299719887955 0.30765639589169 0.6957282913165266 0.29295051353874885 0.697829131652661 0.2759103641456583 0.7156862745098039 0.27380952380952384
8 0.7485994397759104 0.33426704014939307 0.7521008403361344 0.3412698412698413 0.7512254901960784 0.3592436974789916 0.7477240896358543 0.3664799253034547 0.7389705882352942 0.37068160597572364 0.7218137254901961 0.3699813258636788 0.7186624649859944 0.36764705882352944 0.7211134453781513 0.338468720821662 0.7237394957983193 0.33636788048552757 0.7484243697478992 0.33426704014939307
8 0.5155812324929971 0.49533146591970123 0.5199579831932774 0.4981325863678805 0.5215336134453782 0.5079365079365079 0.5208333333333334 0.5191409897292251 0.5178571428571429 0.5263772175536882 0.5120798319327731 0.5301120448179272 0.49737394957983194 0.5294117647058824 0.49212184873949577 0.5259103641456583 0.49019607843137253 0.515639589169001 0.49089635854341734 0.5049019607843137 0.49387254901960786 0.49906629318394025 0.5154061624649859 0.49556489262371617
8 0.5120798319327731 0.6563958916900093 0.5134803921568627 0.6591970121381886 0.5120798319327731 0.6818394024276377 0.4949229691876751 0.6837068160597572 0.49019607843137253 0.680905695611578 0.49037114845938373 0.657563025210084 0.5119047619047619 0.6563958916900093
8 0.6097689075630253 0.4437441643323996 0.6125700280112045 0.4458450046685341 0.6300770308123249 0.44397759103641454 0.634453781512605 0.446311858076564 0.6292016806722689 0.47432306255835666 0.6221988795518207 0.47759103641456585 0.6094187675070029 0.4759570494864612 0.6053921568627451 0.47128851540616246 0.6046918767507002 0.45284780578898226 0.6059173669467787 0.446311858076564 0.6095938375350141 0.4437441643323996
8 0.4723389355742297 0.2665732959850607 0.4891456582633053 0.2689075630252101 0.49352240896358546 0.27240896358543415 0.49247198879551823 0.30018674136321194 0.48546918767507 0.3022875816993464 0.47111344537815125 0.3004201680672269 0.46603641456582634 0.2927170868347339 0.4651610644257703 0.2761437908496732 0.4676120448179272 0.2679738562091503 0.4721638655462185 0.2665732959850607
8 0.6120448179271709 0.5504201680672269 0.6244747899159664 0.5532212885154062 0.6285014005602241 0.5571895424836601 0.6253501400560224 0.5814659197012139 0.623249299719888 0.5842670401493931 0.6057422969187675 0.5833333333333334 0.6015406162464986 0.5779645191409897 0.6022408963585434 0.5569561157796452 0.6057422969187675 0.5511204481792717 0.6118697478991597 0.5504201680672269
8 0.6579131652661064 0.5527544351073763 0.6598389355742297 0.5571895424836601 0.6579131652661064 0.5786647992530346 0.6535364145658263 0.5833333333333334 0.6372549019607843 0.5859010270774977 0.6302521008403361 0.5849673202614379 0.6257002801120448 0.5814659197012139 0.625875350140056 0.5686274509803921 0.6288515406162465 0.557889822595705 0.6372549019607843 0.5532212885154062 0.6577380952380952 0.5527544351073763
8 0.5211834733893558 0.44047619047619047 0.5241596638655462 0.4526143790849673 0.5225840336134454 0.46708683473389356 0.5155812324929971 0.4722222222222222 0.4992997198879552 0.4738562091503268 0.4882703081232493 0.4703548085901027 0.48757002801120447 0.4542483660130719 0.4894957983193277 0.44281045751633985 0.5003501400560224 0.43977591036414565 0.5210084033613446 0.44047619047619047
8 0.48616946778711484 0.6034080298786181 0.49807422969187676 0.6064425770308123 0.5166316526610645 0.6057422969187675 0.5189075630252101 0.6106442577030813 0.5189075630252101 0.6265172735760971 0.5161064425770309 0.6332866479925303 0.5124299719887955 0.6351540616246498 0.47776610644257705 0.6370214752567693 0.4721638655462185 0.6337535014005602 0.4742647058823529 0.6178804855275444 0.4730392156862745 0.6127450980392157 0.4802170868347339 0.6043417366946778 0.48599439775910364 0.6034080298786181
8 0.6752450980392157 0.22292250233426705 0.6948529411764706 0.22642390289449113 0.6974789915966386 0.23949579831932774 0.6950280112044818 0.25746965452847803 0.6820728291316527 0.2593370681605976 0.6722689075630253 0.2530345471521942 0.6705182072829131 0.2364612511671335 0.6750700280112045 0.223155929038282
8 0.2657563025210084 0.26867413632119513 0.27380952380952384 0.27240896358543415 0.27485994397759106 0.2913165266106443 0.27240896358543415 0.2943510737628385 0.2554271708683473 0.2915499533146592 0.24772408963585435 0.2927170868347339 0.24509803921568626 0.28991596638655465 0.24632352941176472 0.2791783380018674 0.2535014005602241 0.269140989729225 0.2655812324929972 0.26867413632119513
8 0.6896008403361344 0.6057422969187675 0.6983543417366946 0.6083099906629318 0.7006302521008403 0.6167133520074697 0.6983543417366946 0.6367880485527544 0.689250700280112 0.6391223155929038 0.6773459383753502 0.6356209150326797 0.6745448179271709 0.6274509803921569 0.6743697478991597 0.6162464985994398 0.6782212885154062 0.6052754435107376 0.6894257703081232 0.6057422969187675
8 0.6594887955182073 0.4981325863678805 0.6624649859943977 0.5044351073762838 0.6617647058823529 0.526844070961718 0.6582633053221288 0.530578898225957 0.6430322128851541 0.530812324929972 0.636204481792717 0.530578898225957 0.6323529411764706 0.5273109243697479 0.6341036414565826 0.5016339869281046 0.6432072829131653 0.4976657329598506 0.6593137254901961 0.4981325863678805
8 0.6208858543417367 0.3480392156862745 0.02608543417366947 0.03361344537815126
8 0.7013305322128851 0.33286647992530344 0.7207633053221288 0.338468720821662 0.7170868347338936 0.3674136321195145 0.7046568627450981 0.3697478991596639 0.6941526610644257 0.36671335200746963 0.6901260504201681 0.35130718954248363 0.6918767507002801 0.3373015873015873 0.6955532212885154 0.3330999066293184 0.7011554621848739 0.33286647992530344
8 0.6920518207282913 0.44537815126050423 0.7120098039215687 0.44981325863678806 0.7086834733893558 0.4773576097105509 0.696953781512605 0.4803921568627451 0.6850490196078431 0.4780578898225957 0.6822478991596639 0.4703548085901027 0.6818977591036415 0.45821661998132585 0.6850490196078431 0.44794584500466855 0.6918767507002801 0.44537815126050423
8 0.38392857142857145 0.37931839402427636 0.390406162464986 0.3800186741363212 0.3914565826330532 0.3835200746965453 0.39670868347338933 0.3853874883286648 0.40843837535014005 0.3870214752567694 0.4115896358543417 0.4042950513538749 0.4112394957983193 0.41386554621848737 0.39968487394957986 0.415499533146592 0.3863795518207283 0.4150326797385621 0.3783263305322129 0.40779645191409897 0.37675070028011204 0.3942577030812325 0.3799019607843137 0.38235294117647056 0.38375350140056025 0.37931839402427636
8 0.5015756302521008 0.2668067226890756 0.5155812324929971 0.2726423902894491 0.5171568627450981 0.28361344537815125 0.5152310924369747 0.29668534080298786 0.5182072829131653 0.30018674136321194 0.5129551820728291 0.3029878618113912 0.49317226890756305 0.30018674136321194 0.4943977591036415 0.272875816993464 0.4966736694677871 0.2677404295051354 0.5014005602240896 0.2668067226890756