15 0.3451797385620915 0.9362745098039216 0.34763071895424835 0.9901960784313726 0.3431372549019608 0.9996936274509803 0.29983660130718953 0.9996936274509803 0.29983660130718953 0.9978553921568627 0.3047385620915033 0.9874387254901961 0.3382352941176471 0.9408700980392157 0.34477124183006536 0.9365808823529411
15 0.46691176470588236 0.835171568627451 0.4709967320261438 0.836703431372549 0.47263071895424835 0.8449754901960784 0.4709967320261438 0.8875612745098039 0.46772875816993464 0.8973651960784313 0.45302287581699346 0.9166666666666666 0.4493464052287582 0.9191176470588235 0.4456699346405229 0.9185049019607843 0.4440359477124183 0.8713235294117647 0.4550653594771242 0.8492647058823529 0.4665032679738562 0.8354779411764706
15 0.03553921568627451 0 0.0625 0 0.06699346405228758 0.0030637254901960784 0.0727124183006536 0.0024509803921568627 0.07434640522875817 0 0.12826797385620914 0 0.12990196078431374 0.0027573529411764708 0.13725490196078433 0.003982843137254902 0.14460784313725492 0.061887254901960786 0.1613562091503268 0.109375 0.17238562091503268 0.19362745098039216 0.17197712418300654 0.20220588235294118 0.16830065359477125 0.20404411764705882 0.0763888888888889 0.20955882352941177 0.07066993464052287 0.20955882352941177 0.06535947712418301 0.20680147058823528 0.056781045751633986 0.15073529411764705 0.03594771241830065 0.08333333333333333 0.04044117647058824 0.06740196078431372 0.03880718954248366 0.04136029411764706 0.031862745098039214 0.012254901960784314 0.03227124183006536 0.004901960784313725 0.03553921568627451 0.00030637254901960784
15 0.5894607843137255 0.2959558823529412 0.5894607843137255 0.3492647058823529 0.5845588235294118 0.3627450980392157 0.5755718954248366 0.36764705882352944 0.5727124183006536 0.36611519607843135 0.5755718954248366 0.3002450980392157 0.5890522875816994 0.2959558823529412
15 0.5800653594771242 0.05821078431372549 0.5915032679738562 0.05912990196078431 0.5951797385620915 0.0625 0.5878267973856209 0.16666666666666666 0.5861928104575164 0.17555147058823528 0.5833333333333334 0.17738970588235295 0.5755718954248366 0.17585784313725492 0.5735294117647058 0.1712622549019608 0.5759803921568627 0.14705882352941177 0.5723039215686274 0.12745098039215685 0.5723039215686274 0.09834558823529412 0.5751633986928104 0.061274509803921566 0.5796568627450981 0.05821078431372549
15 0.4252450980392157 0.30361519607843135 0.4309640522875817 0.31403186274509803 0.4305555555555556 0.3713235294117647 0.43504901960784315 0.39828431372549017 0.4338235294117647 0.44424019607843135 0.4325980392156863 0.4497549019607843 0.4256535947712418 0.4571078431372549 0.4084967320261438 0.46200980392156865 0.4027777777777778 0.453125 0.4007352941176471 0.4074754901960784 0.3937908496732026 0.3762254901960784 0.41217320261437906 0.33700980392156865 0.41299019607843135 0.3075980392156863 0.4150326797385621 0.30392156862745096 0.42483660130718953 0.30361519607843135
15 0.3541666666666667 0 0.3831699346405229 0 0.3852124183006536 0.004901960784313725 0.38643790849673204 0.0818014705882353 0.38929738562091504 0.12316176470588236 0.3937908496732026 0.13694852941176472 0.3946078431372549 0.15379901960784315 0.3925653594771242 0.18596813725490197 0.39052287581699346 0.18841911764705882 0.3827614379084967 0.18995098039215685 0.35498366013071897 0.18995098039215685 0.3194444444444444 0.17892156862745098 0.31209150326797386 0.17493872549019607 0.309640522875817 0.16850490196078433 0.309640522875817 0.11274509803921569 0.3133169934640523 0.09252450980392157 0.3133169934640523 0.011642156862745098 0.3161764705882353 0.006433823529411764 0.3243464052287582 0.0030637254901960784 0.3492647058823529 0.0033700980392156864 0.3541666666666667 0.00030637254901960784
15 0.4424019607843137 0.8746936274509803 0.4456699346405229 0.8893995098039216 0.443218954248366 0.9338235294117647 0.4252450980392157 0.9620098039215687 0.4215686274509804 0.9647671568627451 0.41748366013071897 0.9632352941176471 0.4166666666666667 0.9347426470588235 0.4133986928104575 0.9172794117647058 0.43300653594771243 0.8829656862745098 0.44199346405228757 0.875
15 0.5665849673202614 0.05330882352941176 0.5718954248366013 0.0545343137254902 0.5755718954248366 0.06004901960784314 0.5727124183006536 0.10324754901960784 0.5763888888888888 0.11580882352941177 0.5743464052287581 0.12898284313725492 0.5759803921568627 0.16513480392156862 0.5743464052287581 0.17524509803921567 0.5612745098039216 0.1792279411764706 0.5465686274509803 0.17677696078431374 0.5449346405228758 0.16973039215686275 0.5498366013071896 0.13112745098039216 0.5535130718954249 0.057291666666666664 0.5563725490196079 0.053002450980392156 0.5661764705882353 0.05330882352941176
15 0.17647058823529413 0.3707107843137255 0.18341503267973855 0.37254901960784315 0.1875 0.3799019607843137 0.18913398692810457 0.4007352941176471 0.1940359477124183 0.4206495098039216 0.19607843137254902 0.4534313725490196 0.20833333333333334 0.47732843137254904 0.2107843137254902 0.48743872549019607 0.21772875816993464 0.5284926470588235 0.21895424836601307 0.5548406862745098 0.21691176470588236 0.5591299019607843 0.19362745098039216 0.5744485294117647 0.1715686274509804 0.5870098039215687 0.15155228758169934 0.59375 0.1474673202614379 0.5842524509803921 0.14215686274509803 0.539828431372549 0.1352124183006536 0.5263480392156863 0.13480392156862744 0.5183823529411765 0.11519607843137254 0.4856004901960784 0.10212418300653595 0.39338235294117646 0.10784313725490197 0.3869485294117647 0.1184640522875817 0.38357843137254904 0.15849673202614378 0.37316176470588236 0.176062091503268 0.3707107843137255
15 0.3410947712418301 0.6850490196078431 0.3451797385620915 0.6902573529411765 0.35049019607843135 0.6924019607843137 0.38766339869281047 0.6893382352941176 0.3966503267973856 0.6908700980392157 0.39052287581699346 0.7205882352941176 0.38031045751633985 0.7356004901960784 0.3762254901960784 0.734375 0.3590686274509804 0.7181372549019608 0.3349673202614379 0.7028186274509803 0.33578431372549017 0.6856617647058824 0.34068627450980393 0.6850490196078431
15 0.19240196078431374 0.3805147058823529 0.20955882352941177 0.3903186274509804 0.23529411764705882 0.4163602941176471 0.24509803921568626 0.4175857843137255 0.26552287581699346 0.41207107843137253 0.27124183006535946 0.41329656862745096 0.272875816993464 0.42953431372549017 0.27941176470588236 0.44332107843137253 0.28513071895424835 0.46599264705882354 0.2875816993464052 0.508578431372549 0.2867647058823529 0.5150122549019608 0.28022875816993464 0.5220588235294118 0.2479575163398693 0.5413602941176471 0.24101307189542484 0.5425857843137255 0.2201797385620915 0.5346200980392157 0.2107843137254902 0.4837622549019608 0.19730392156862744 0.4534313725490196 0.19566993464052287 0.42340686274509803 0.19117647058823528 0.4028799019607843 0.19240196078431374 0.38082107843137253
15 0.47058823529411764 0.28799019607843135 0.47467320261437906 0.28921568627450983 0.4840686274509804 0.29901960784313725 0.5 0.32046568627450983 0.4987745098039216 0.4028799019607843 0.4979575163398693 0.4108455882352941 0.494281045751634 0.41421568627450983 0.47344771241830064 0.4221813725490196 0.46977124183006536 0.421875 0.4701797385620915 0.28829656862745096
15 0.45751633986928103 0.02297794117647059 0.46772875816993464 0.025122549019607844 0.46977124183006536 0.030943627450980393 0.4693627450980392 0.18229166666666666 0.4665032679738562 0.18566176470588236 0.45098039215686275 0.1871936274509804 0.4354575163398693 0.18627450980392157 0.4334150326797386 0.18045343137254902 0.43586601307189543 0.14215686274509803 0.431781045751634 0.1213235294117647 0.4305555555555556 0.09589460784313726 0.4305555555555556 0.02542892156862745 0.431781045751634 0.022365196078431373 0.434640522875817 0.021752450980392156 0.4571078431372549 0.02297794117647059
15 0.6196895424836601 0.06678921568627451 0.6266339869281046 0.06770833333333333 0.6311274509803921 0.07077205882352941 0.6237745098039216 0.1715686274509804 0.613562091503268 0.17401960784313725 0.6098856209150327 0.171875 0.613562091503268 0.13939950980392157 0.6115196078431373 0.12224264705882353 0.616421568627451 0.0741421568627451 0.619281045751634 0.06709558823529412
15 0.14460784313725492 0 0.18586601307189543 0 0.18627450980392157 0.001838235294117647 0.1919934640522876 0.0027573529411764708 0.21160130718954248 0.002144607843137255 0.21609477124183007 0.006740196078431373 0.21895424836601307 0.01715686274509804 0.22263071895424835 0.07689950980392157 0.22834967320261437 0.09957107843137254 0.23570261437908496 0.15318627450980393 0.23733660130718953 0.18382352941176472 0.23733660130718953 0.19301470588235295 0.23447712418300654 0.19638480392156862 0.1895424836601307 0.20189950980392157 0.17851307189542484 0.20220588235294118 0.17483660130718953 0.20036764705882354 0.16299019607843138 0.10998774509803921 0.14583333333333334 0.061274509803921566 0.14215686274509803 0.010416666666666666 0.14460784313725492 0.00030637254901960784
15 0 0.4384191176470588 0.0053104575163398695 0.44332107843137253 0.023284313725490197 0.5364583333333334 0.04003267973856209 0.5591299019607843 0.05310457516339869 0.5885416666666666 0.06290849673202614 0.6473651960784313 0.061683006535947715 0.6547181372549019 0.053513071895424834 0.6623774509803921 0.016339869281045753 0.6856617647058824 0 0.6933210784313726 0 0.4387254901960784
15 0.004901960784313725 0.003676470588235294 0.017973856209150325 0.058823529411764705 0.04044117647058824 0.10079656862745098 0.05473856209150327 0.14613970588235295 0.0625 0.20741421568627452 0.05310457516339869 0.2107843137254902 0 0.21446078431372548 0 0.18412990196078433 0.0032679738562091504 0.18229166666666666 0 0.17892156862745098 0 0.1565563725490196 0.008169934640522876 0.14399509803921567 0.00857843137254902 0.12898284313725492 0.014705882352941176 0.12653186274509803 0.012663398692810458 0.12285539215686274 0.00857843137254902 0.1256127450980392 0 0.10876225490196079 0 0.006433823529411764 0.004493464052287581 0.003982843137254902
15 0.3917483660130719 0.3746936274509804 0.4007352941176471 0.40625 0.4027777777777778 0.4525122549019608 0.4089052287581699 0.45986519607843135 0.40808823529411764 0.4632352941176471 0.39705882352941174 0.47089460784313725 0.3741830065359477 0.4810049019607843 0.35661764705882354 0.47794117647058826 0.3374183006535948 0.4696691176470588 0.3329248366013072 0.42922794117647056 0.3263888888888889 0.40379901960784315 0.3292483660130719 0.39950980392156865 0.34763071895424835 0.3955269607843137 0.36764705882352944 0.38786764705882354 0.39133986928104575 0.3746936274509804
15 0.5347222222222222 0.7242647058823529 0.5449346405228758 0.7466299019607843 0.5424836601307189 0.7901348039215687 0.5396241830065359 0.8002450980392157 0.5294117647058824 0.8152573529411765 0.5224673202614379 0.821078431372549 0.5196078431372549 0.8112745098039216 0.5204248366013072 0.7864583333333334 0.5130718954248366 0.7662377450980392 0.5036764705882353 0.7549019607843137 0.5036764705882353 0.7493872549019608 0.508578431372549 0.7313112745098039 0.5281862745098039 0.7276348039215687 0.5326797385620915 0.7233455882352942 0.5343137254901961 0.7242647058823529
15 0.17524509803921567 0.7680759803921569 0.17851307189542484 0.7683823529411765 0.18586601307189543 0.7751225490196079 0.2079248366013072 0.8048406862745098 0.22058823529411764 0.8118872549019608 0.23039215686274508 0.8121936274509803 0.23284313725490197 0.8140318627450981 0.2361111111111111 0.8915441176470589 0.23366013071895425 0.9007352941176471 0.22058823529411764 0.9129901960784313 0.19281045751633988 0.9368872549019608 0.17892156862745098 0.9439338235294118 0.1670751633986928 0.9399509803921569 0.14624183006535948 0.9261642156862745 0.1380718954248366 0.8627450980392157 0.13112745098039216 0.8556985294117647 0.11887254901960784 0.8483455882352942 0.11519607843137254 0.8180147058823529 0.11642156862745098 0.8094362745098039 0.1323529411764706 0.7962622549019608 0.13684640522875818 0.789828431372549 0.1474673202614379 0.7827818627450981 0.15441176470588236 0.7815563725490197 0.16993464052287582 0.7689950980392157 0.17483660130718953 0.7680759803921569
15 0.21977124183006536 0 0.2908496732026144 0 0.2945261437908497 0.08639705882352941 0.30514705882352944 0.14430147058823528 0.3035130718954248 0.19362745098039216 0.29616013071895425 0.19607843137254902 0.2602124183006536 0.19730392156862744 0.24428104575163398 0.1957720588235294 0.2397875816993464 0.19332107843137256 0.2312091503267974 0.109375 0.22303921568627452 0.06862745098039216 0.2222222222222222 0.015318627450980392 0.21977124183006536 0.00030637254901960784
15 0.6196895424836601 0.26317401960784315 0.6229575163398693 0.2693014705882353 0.6196895424836601 0.2855392156862745 0.6139705882352942 0.36213235294117646 0.6102941176470589 0.36611519607843135 0.6013071895424836 0.3694852941176471 0.6013071895424836 0.3581495098039216 0.5980392156862745 0.35202205882352944 0.6000816993464052 0.3486519607843137 0.6000816993464052 0.3314950980392157 0.6029411764705882 0.3290441176470588 0.6025326797385621 0.3170955882352941 0.6058006535947712 0.31066176470588236 0.6045751633986928 0.2861519607843137 0.6160130718954249 0.2653186274509804 0.619281045751634 0.26348039215686275
15 0.48284313725490197 0.03155637254901961 0.49836601307189543 0.033394607843137254 0.5024509803921569 0.03860294117647059 0.5004084967320261 0.09926470588235294 0.502859477124183 0.1568627450980392 0.5 0.18198529411764705 0.4934640522875817 0.18566176470588236 0.4701797385620915 0.18474264705882354 0.46895424836601307 0.18290441176470587 0.46977124183006536 0.043198529411764705 0.4714052287581699 0.03278186274509804 0.4824346405228758 0.03155637254901961
15 0.30392156862745096 0.4569546568627451 0.06290849673202614 0.1130514705882353
15 0.41217320261437906 0.9200367647058824 0.4170751633986928 0.9316789215686274 0.4170751633986928 0.9736519607843137 0.4113562091503268 0.9898897058823529 0.3991013071895425 0.9996936274509803 0.39624183006535946 0.9996936274509803 0.39419934640522875 0.9969362745098039 0.39133986928104575 0.9996936274509803 0.3868464052287582 0.9996936274509803 0.38766339869281047 0.984375 0.3831699346405229 0.9837622549019608 0.3827614379084967 0.9803921568627451 0.3925653594771242 0.9512867647058824 0.397875816993464 0.9427083333333334 0.39869281045751637 0.9344362745098039 0.40645424836601307 0.9215686274509803 0.4117647058823529 0.9200367647058824
15 0.09109477124183006 0.3943014705882353 0.0951797385620915 0.3952205882352941 0.09844771241830065 0.4007352941176471 0.10294117647058823 0.4169730392156863 0.11397058823529412 0.4877450980392157 0.13562091503267973 0.5217524509803921 0.1482843137254902 0.5916053921568627 0.13929738562091504 0.602328431372549 0.08169934640522876 0.633578431372549 0.0625 0.6265318627450981 0.058823529411764705 0.6090686274509803 0.051879084967320264 0.5922181372549019 0.049019607843137254 0.5744485294117647 0.035130718954248366 0.5499387254901961 0.024101307189542485 0.5361519607843137 0.016339869281045753 0.48713235294117646 0.010212418300653595 0.4641544117647059 0.007761437908496732 0.4375 0.003676470588235294 0.42463235294117646 0.004901960784313725 0.41513480392156865 0.013480392156862746 0.4102328431372549 0.05228758169934641 0.4028799019607843 0.07598039215686274 0.3958333333333333 0.09068627450980392 0.3943014705882353
15 0.07802287581699346 0.8455882352941176 0.10661764705882353 0.8474264705882353 0.11887254901960784 0.850796568627451 0.13276143790849673 0.8587622549019608 0.1380718954248366 0.8658088235294118 0.14501633986928106 0.9537377450980392 0.15196078431372548 0.9846813725490197 0.15155228758169934 0.9944852941176471 0.14705882352941177 0.9996936274509803 0.1323529411764706 0.9996936274509803 0.12990196078431374 0.9972426470588235 0.12254901960784313 0.9996936274509803 0.12214052287581699 0.9978553921568627 0.11519607843137254 0.9957107843137255 0.10825163398692811 0.9978553921568627 0.10784313725490197 0.9996936274509803 0.0988562091503268 0.9966299019607843 0.08455882352941177 0.9972426470588235 0.08047385620915033 0.9996936274509803 0.08006535947712418 0.9978553921568627 0.06781045751633986 0.9941789215686274 0.04861111111111111 0.9975490196078431 0.04738562091503268 0.9996936274509803 0.04411764705882353 0.9975490196078431 0.0363562091503268 0.9978553921568627 0.03594771241830065 0.9996936274509803 0.03145424836601307 0.9996936274509803 0.029411764705882353 0.9975490196078431 0.026552287581699346 0.9996936274509803 0.007352941176470588 0.9996936274509803 0.004493464052287581 0.9954044117647058 0.0032679738562091504 0.9718137254901961 0 0.9672181372549019 0 0.8982843137254902 0.009395424836601307 0.8854166666666666 0.03022875816993464 0.8780637254901961 0.031862745098039214 0.8728553921568627 0.04779411764705882 0.8624387254901961 0.0494281045751634 0.8590686274509803 0.07026143790849673 0.8477328431372549 0.07761437908496732 0.8458946078431373
15 0.6544117647058824 0.07598039215686274 0.6646241830065359 0.07659313725490197 0.6683006535947712 0.08057598039215687 0.6589052287581699 0.18903186274509803 0.6560457516339869 0.19270833333333334 0.6478758169934641 0.19332107843137256 0.6454248366013072 0.18382352941176472 0.6499183006535948 0.15134803921568626 0.6511437908496732 0.1014093137254902 0.6544117647058824 0.07628676470588236
15 0.5224673202614379 0.3131127450980392 0.5257352941176471 0.31403186274509803 0.5253267973856209 0.3694852941176471 0.5232843137254902 0.3912377450980392 0.5191993464052288 0.39705882352941174 0.508578431372549 0.4028799019607843 0.5 0.39705882352941174 0.4987745098039216 0.3391544117647059 0.5008169934640523 0.3177083333333333 0.5220588235294118 0.3134191176470588
15 0.5375816993464052 0.34880514705882354 0.02696078431372549 0.08547794117647059
15 0.4068627450980392 0.010416666666666666 0.42810457516339867 0.014399509803921568 0.43014705882352944 0.02267156862745098 0.4297385620915033 0.09068627450980392 0.434640522875817 0.15441176470588236 0.43218954248366015 0.18382352941176472 0.4297385620915033 0.18903186274509803 0.4236111111111111 0.19087009803921567 0.39624183006535946 0.18903186274509803 0.3929738562091503 0.18627450980392157 0.3946078431372549 0.1403186274509804 0.3901143790849673 0.11948529411764706 0.38766339869281047 0.08118872549019608 0.38766339869281047 0.015012254901960785 0.39052287581699346 0.010416666666666666 0.40645424836601307 0.010416666666666666
15 0.44485294117647056 0.2965686274509804 0.4665032679738562 0.2974877450980392 0.4693627450980392 0.3002450980392157 0.46895424836601307 0.421875 0.46405228758169936 0.42861519607843135 0.4493464052287582 0.4368872549019608 0.43913398692810457 0.4341299019607843 0.43504901960784315 0.42861519607843135 0.43709150326797386 0.4019607843137255 0.43137254901960786 0.36672794117647056 0.43137254901960786 0.30484068627450983 0.43586601307189543 0.2981004901960784 0.4444444444444444 0.2965686274509804
15 0.29248366013071897 0 0.3104575163398693 0 0.3125 0.08149509803921569 0.30718954248366015 0.12837009803921567 0.30187908496732024 0.11917892156862746 0.2945261437908497 0.08486519607843138 0.29248366013071897 0.00030637254901960784
15 0.5024509803921569 0.7558210784313726 0.5122549019607843 0.7653186274509803 0.514297385620915 0.7754289215686274 0.5200163398692811 0.7852328431372549 0.5204248366013072 0.7996323529411765 0.516748366013072 0.8385416666666666 0.5016339869281046 0.8602941176470589 0.49060457516339867 0.8599877450980392 0.47467320261437906 0.8553921568627451 0.4714052287581699 0.8342524509803921 0.4820261437908497 0.8103553921568627 0.4832516339869281 0.7981004901960784 0.4824346405228758 0.789828431372549 0.4730392156862745 0.7797181372549019 0.47344771241830064 0.7717524509803921 0.4877450980392157 0.7665441176470589 0.5020424836601307 0.7558210784313726
15 0.5138888888888888 0.03982843137254902 0.5253267973856209 0.04197303921568627 0.5277777777777778 0.04595588235294118 0.5253267973856209 0.14399509803921567 0.5257352941176471 0.171875 0.5290032679738562 0.17861519607843138 0.5134803921568627 0.18229166666666666 0.5036764705882353 0.1798406862745098 0.5016339869281046 0.17524509803921567 0.5032679738562091 0.14154411764705882 0.5012254901960784 0.11151960784313726 0.502859477124183 0.04197303921568627 0.5049019607843137 0.0392156862745098 0.5134803921568627 0.03982843137254902
15 0.5351307189542484 0.046875 0.5506535947712419 0.04871323529411765 0.553921568627451 0.05330882352941176 0.5453431372549019 0.17555147058823528 0.5449346405228758 0.17861519607843138 0.5400326797385621 0.18045343137254902 0.5281862745098039 0.1792279411764706 0.5253267973856209 0.17555147058823528 0.5269607843137255 0.057291666666666664 0.5290032679738562 0.04779411764705882 0.5347222222222222 0.046875
15 0.2741013071895425 0.8109681372549019 0.2937091503267974 0.8109681372549019 0.2977941176470588 0.8125 0.29820261437908496 0.8342524509803921 0.27328431372549017 0.8694852941176471 0.25857843137254904 0.8832720588235294 0.25163398692810457 0.8814338235294118 0.24101307189542484 0.8823529411764706 0.23651960784313725 0.8762254901960784 0.2340686274509804 0.8137254901960784 0.24142156862745098 0.8112745098039216 0.27369281045751637 0.8109681372549019
15 0.6458333333333334 0.07322303921568628 0.6507352941176471 0.07383578431372549 0.6527777777777778 0.0778186274509804 0.6503267973856209 0.15410539215686275 0.6450163398692811 0.19209558823529413 0.6413398692810458 0.19607843137254902 0.6372549019607843 0.19669117647058823 0.6319444444444444 0.19607843137254902 0.6319444444444444 0.17463235294117646 0.6241830065359477 0.17003676470588236 0.6262254901960784 0.11887254901960784 0.6323529411764706 0.0778186274509804 0.6368464052287581 0.07322303921568628 0.6454248366013072 0.07322303921568628
15 0.5751633986928104 0.29993872549019607 0.5731209150326797 0.36611519607843135 0.5674019607843137 0.37346813725490197 0.5575980392156863 0.375 0.5494281045751634 0.37254901960784315 0.5477941176470589 0.36611519607843135 0.551062091503268 0.3072916666666667 0.5690359477124183 0.3002450980392157 0.5747549019607843 0.29993872549019607
15 0.6074346405228758 0.06372549019607843 0.6160130718954249 0.06525735294117647 0.6172385620915033 0.07107843137254902 0.6102941176470589 0.1721813725490196 0.6037581699346405 0.17524509803921567 0.5947712418300654 0.17524509803921567 0.5894607843137255 0.171875 0.5874183006535948 0.15257352941176472 0.5951797385620915 0.06740196078431372 0.5976307189542484 0.06372549019607843 0.6070261437908496 0.06372549019607843
15 0.38031045751633985 0.8860294117647058 0.38357843137254904 0.8878676470588235 0.38480392156862747 0.8970588235294118 0.38480392156862747 0.9396446078431373 0.35947712418300654 0.9810049019607843 0.35294117647058826 0.9840686274509803 0.3488562091503268 0.9816176470588235 0.3464052287581699 0.9353553921568627 0.3799019607843137 0.8863357843137255
15 0.6229575163398693 0.26838235294117646 0.6294934640522876 0.2705269607843137 0.6446078431372549 0.2693014705882353 0.6454248366013072 0.2981004901960784 0.6421568627450981 0.32536764705882354 0.639297385620915 0.33118872549019607 0.633578431372549 0.33517156862745096 0.6266339869281046 0.33394607843137253 0.6168300653594772 0.33609068627450983 0.6160130718954249 0.3382352941176471 0.6184640522875817 0.2925857843137255 0.6225490196078431 0.26868872549019607