29 0.04738562091503268 0.31477591036414565 0.08986928104575163 0.3165266106442577 0.09360410830999066 0.33508403361344535 0.088468720821662 0.33735994397759106 0.07983193277310924 0.33753501400560226 0.05298786181139122 0.33613445378151263 0.04318394024276377 0.33735994397759106 0.03968253968253968 0.3315826330532213 0.034080298786181136 0.327906162464986 0.03454715219421102 0.3245798319327731 0.02964519140989729 0.3175770308123249 0.04715219421101774 0.31477591036414565
29 0.45471521942110177 0.19187675070028012 0.46591970121381887 0.19275210084033614 0.47012138188608776 0.19712885154061624 0.4710550887021475 0.23091736694677872 0.46101774042950516 0.2344187675070028 0.44677871148459386 0.2342436974789916 0.4444444444444444 0.23056722689075632 0.44467787114845936 0.19257703081232494 0.45448179271708683 0.19187675070028012
29 0.2586367880485528 0.2034313725490196 0.2759103641456583 0.20623249299719887 0.2796451914098973 0.20955882352941177 0.27941176470588236 0.23897058823529413 0.2446311858076564 0.23721988795518206 0.23529411764705882 0.2342436974789916 0.2334267040149393 0.20605742296918766 0.25840336134453784 0.2034313725490196
29 0.22408963585434175 0.35154061624649857 0.23739495798319327 0.35259103641456585 0.24136321195144725 0.3559173669467787 0.24323062558356676 0.3800770308123249 0.22735760971055088 0.38165266106442575 0.21358543417366946 0.3804271708683473 0.207749766573296 0.37692577030812324 0.2061157796451914 0.37254901960784315 0.2096171802054155 0.3541666666666667 0.2138188608776844 0.35189075630252103 0.2238562091503268 0.35154061624649857
29 0.2138188608776844 0.19922969187675071 0.23132586367880487 0.202906162464986 0.2334267040149393 0.21323529411764705 0.2327264239028945 0.23546918767507002 0.215452847805789 0.23704481792717086 0.18860877684407096 0.2340686274509804 0.18510737628384688 0.21200980392156862 0.1858076563958917 0.19957983193277312 0.21358543417366946 0.19922969187675071
29 0.09733893557422969 0.4100140056022409 0.11134453781512606 0.4112394957983193 0.11437908496732026 0.43557422969187676 0.1092436974789916 0.438375350140056 0.080765639589169 0.43960084033613445 0.06816059757236227 0.43925070028011204 0.06022408963585434 0.43539915966386555 0.055088702147525676 0.41474089635854344 0.06069094304388422 0.4117647058823529 0.09710550887021475 0.4100140056022409
29 0.16830065359477125 0.19467787114845939 0.17857142857142858 0.19642857142857142 0.18370681605975725 0.19975490196078433 0.18720821661998133 0.22934173669467786 0.1858076563958917 0.2344187675070028 0.1395891690009337 0.23074229691876752 0.14519140989729226 0.22741596638655462 0.14052287581699346 0.20378151260504201 0.1377217553688142 0.20623249299719887 0.1370214752567694 0.22846638655462184 0.13352007469654528 0.19625350140056022 0.14402427637721754 0.19432773109243698 0.16806722689075632 0.19467787114845939
29 0.119281045751634 0 0.16900093370681607 0 0.1704014939309057 0.00857843137254902 0.17647058823529413 0.015581232492997199 0.17740429505135388 0.048669467787114847 0.17553688141923435 0.051470588235294115 0.14402427637721754 0.048669467787114847 0.13678804855275445 0.0430672268907563 0.12184873949579832 0.03746498599439776 0.11811391223155929 0.016456582633053222 0.119281045751634 0.00017507002801120448
29 0.14775910364145659 0.4063375350140056 0.1608309990662932 0.40791316526610644 0.16339869281045752 0.42997198879551823 0.1437908496732026 0.43574929971988796 0.12324929971988796 0.4362745098039216 0.11554621848739496 0.43434873949579833 0.11274509803921569 0.4110644257703081 0.12301587301587301 0.40791316526610644 0.14752567693744165 0.4063375350140056
29 0.2530345471521942 0.33683473389355745 0.27941176470588236 0.34138655462184875 0.28361344537815125 0.37324929971988796 0.2833800186741363 0.37692577030812324 0.27987861811391224 0.3788515406162465 0.25513538748832865 0.38095238095238093 0.24743230625583568 0.3806022408963585 0.24393090569561157 0.3783263305322129 0.2411297852474323 0.3559173669467787 0.23809523809523808 0.35049019607843135 0.2338935574229692 0.34996498599439774 0.23202614379084968 0.3429621848739496 0.23436041083099907 0.33753501400560226 0.25280112044817926 0.33683473389355745
29 0.07049486461251167 0 0.11624649859943978 0 0.11951447245564893 0.03553921568627451 0.11788048552754435 0.038865546218487396 0.11437908496732026 0.0392156862745098 0.07726423902894491 0.031862745098039214 0.07492997198879552 0.029411764705882353 0.07049486461251167 0.00017507002801120448
29 0 0.1801470588235294 0.01027077497665733 0.18137254901960784 0.015873015873015872 0.18557422969187676 0.01984126984126984 0.21638655462184875 0.019140989729225025 0.22426470588235295 0 0.22391456582633054 0 0.18032212885154061
29 0.05765639589169001 0.5108543417366946 0.06512605042016807 0.5145308123249299 0.06792717086834733 0.5386904761904762 0.07889822595704948 0.5502450980392157 0.08590102707749767 0.5919117647058824 0.08543417366946779 0.59593837535014 0.0795985060690943 0.5990896358543417 0.05835667600373483 0.6032913165266106 0.052521008403361345 0.6015406162464986 0.04108309990662932 0.5505952380952381 0.04551820728291316 0.5400910364145658 0.045051353874883286 0.5157563025210085 0.04925303454715219 0.5115546218487395 0.05742296918767507 0.5108543417366946
29 0.26633986928104575 0.39775910364145656 0.2815126050420168 0.39915966386554624 0.284547152194211 0.4217436974789916 0.26283846872082167 0.4259453781512605 0.25630252100840334 0.4252450980392157 0.2535014005602241 0.4222689075630252 0.25210084033613445 0.4009103641456583 0.2549019607843137 0.39845938375350143 0.2661064425770308 0.39775910364145656
29 0.28361344537815125 0.7037815126050421 0.2934173669467787 0.7099089635854342 0.29668534080298786 0.7228641456582633 0.30205415499533145 0.7305672268907563 0.3057889822595705 0.7522759103641457 0.3160597572362278 0.7536764705882353 0.3211951447245565 0.750875350140056 0.32819794584500467 0.7503501400560224 0.3302987861811391 0.751750700280112 0.32819794584500467 0.7575280112044818 0.32142857142857145 0.7676820728291317 0.3097572362278245 0.7750350140056023 0.303688141923436 0.78343837535014 0.2987861811391223 0.7864145658263305 0.28991596638655465 0.7872899159663865 0.2864145658263305 0.7900910364145658 0.28291316526610644 0.7895658263305322 0.27941176470588236 0.7965686274509803 0.2642390289449113 0.8105742296918768 0.25140056022408963 0.811624649859944 0.24299719887955182 0.8158263305322129 0.21685340802987862 0.8373599439775911 0.2042483660130719 0.8319327731092437 0.19934640522875818 0.8223039215686274 0.19607843137254902 0.821078431372549 0.1965452847805789 0.8177521008403361 0.19117647058823528 0.8140756302521008 0.18860877684407096 0.8046218487394958 0.17903828197945845 0.8005952380952381 0.17110177404295052 0.7934173669467787 0.15943043884220354 0.7759103641456583 0.14892623716153128 0.7655812324929971 0.15592903828197946 0.7478991596638656 0.1580298786181139 0.7447478991596639 0.17553688141923435 0.7380952380952381 0.20985060690943044 0.7296918767507002 0.23412698412698413 0.7188375350140056 0.25466853408029877 0.7139355742296919 0.2833800186741363 0.7037815126050421
29 0.021708683473389355 0.5155812324929971 0.0273109243697479 0.5190826330532213 0.03011204481792717 0.5434173669467787 0.03991596638655462 0.551295518207283 0.04295051353874883 0.5572478991596639 0.05065359477124183 0.6022408963585434 0.046218487394957986 0.6059173669467787 0.02287581699346405 0.6106442577030813 0.015406162464985995 0.6094187675070029 0.012838468720821661 0.6062675070028011 0.0032679738562091504 0.5672268907563025 0 0.5625 0 0.5514705882352942 0.008870214752567693 0.5469187675070029 0.004901960784313725 0.531687675070028 0.005135387488328665 0.5192577030812325 0.008870214752567693 0.5157563025210085 0.021475256769374416 0.5155812324929971
29 0.24953314659197012 0.1402310924369748 0.2719421101774043 0.14408263305322128 0.2777777777777778 0.14740896358543418 0.27801120448179273 0.17874649859943978 0.2759103641456583 0.18102240896358543 0.23202614379084968 0.17524509803921567 0.23039215686274508 0.14285714285714285 0.23482726423902894 0.140406162464986 0.24929971988795518 0.1402310924369748
29 0.02334267040149393 0.1094187675070028 0.050186741363211954 0.11274509803921569 0.06535947712418301 0.11904761904761904 0.06862745098039216 0.15511204481792717 0.0646591970121382 0.15791316526610644 0.0070028011204481795 0.15091036414565825 0.004201680672268907 0.14355742296918766 0.0018674136321195146 0.11677170868347339 0 0.11624649859943978 0.004668534080298786 0.11099439775910364 0.023109243697478993 0.1094187675070028
29 0.19864612511671334 0.36046918767507 0.20168067226890757 0.36257002801120447 0.20354808590102708 0.3755252100840336 0.2019140989729225 0.37815126050420167 0.15896358543417366 0.38130252100840334 0.15452847805788983 0.3800770308123249 0.1542950513538749 0.3627450980392157 0.1984126984126984 0.36046918767507
29 0.2567693744164332 0.022408963585434174 0.269140989729225 0.024859943977591035 0.27871148459383754 0.03623949579831933 0.28127917833800187 0.07598039215686274 0.2796451914098973 0.07930672268907563 0.24976657329598506 0.07878151260504201 0.24579831932773108 0.06740196078431372 0.23809523809523808 0.0625 0.22969187675070027 0.060749299719887954 0.230859010270775 0.05759803921568627 0.23436041083099907 0.059873949579831935 0.238562091503268 0.05654761904761905 0.2392623716153128 0.025735294117647058 0.2469654528478058 0.022584033613445378 0.2565359477124183 0.022408963585434174
29 0.032913165266106444 0.18242296918767506 0.07119514472455649 0.1869747899159664 0.07516339869281045 0.18907563025210083 0.080765639589169 0.22741596638655462 0.04831932773109244 0.22724089635854341 0.028711484593837534 0.226015406162465 0.022408963585434174 0.22391456582633054 0.018440709617180206 0.18644957983193278 0.022175536881419235 0.18399859943977592 0.032679738562091505 0.18259803921568626
29 0.103874883286648 0.13865546218487396 0.119281045751634 0.140406162464986 0.12815126050420167 0.14390756302521007 0.1311858076563959 0.148109243697479 0.13281979458450047 0.15896358543417366 0.1323529411764706 0.1645658263305322 0.1300186741363212 0.16544117647058823 0.08146591970121382 0.16053921568627452 0.07889822595704948 0.14355742296918766 0.08520074696545285 0.1405812324929972 0.10364145658263306 0.13865546218487396
29 0.13141923436041084 0.36169467787114845 0.15336134453781514 0.3627450980392157 0.15522875816993464 0.3800770308123249 0.15126050420168066 0.38217787114845936 0.11227824463118581 0.38305322128851543 0.1057422969187675 0.38305322128851543 0.10410830999066294 0.38130252100840334 0.10224089635854341 0.3650210084033613 0.1311858076563959 0.36169467787114845
29 0.22735760971055088 0.032913165266106444 0.23786181139122314 0.03081232492997199 0.2411297852474323 0.04341736694677871 0.23786181139122314 0.061274509803921566 0.2238562091503268 0.060749299719887954 0.22735760971055088 0.03308823529411765
29 0.207749766573296 0.40353641456582634 0.21171802054154995 0.4065126050420168 0.211484593837535 0.42787114845938373 0.20214752567693745 0.43102240896358546 0.1823062558356676 0.4318977591036415 0.16479925303454715 0.43067226890756305 0.1626984126984127 0.40791316526610644 0.169234360410831 0.4059873949579832 0.20751633986928106 0.40353641456582634
29 0.10270774976657329 0.18907563025210083 0.12511671335200747 0.19240196078431374 0.13048552754435108 0.19642857142857142 0.13562091503267973 0.22811624649859943 0.13398692810457516 0.23091736694677872 0.12908496732026145 0.23109243697478993 0.09126984126984126 0.22969187675070027 0.08520074696545285 0.22741596638655462 0.08029878618113913 0.20378151260504201 0.08123249299719888 0.19170168067226892 0.08520074696545285 0.18942577030812324 0.10247432306255835 0.18907563025210083
29 0.0480859010270775 0.39740896358543415 0.05205415499533147 0.4007352941176471 0.05438842203548086 0.43557422969187676 0.010037348272642391 0.44012605042016806 0.0028011204481792717 0.43907563025210083 0.0018674136321195146 0.43102240896358546 0 0.43084733893557425 0 0.40038515406162467 0.04785247432306256 0.39740896358543415
29 0.3106909430438842 0.3956582633053221 0.3130252100840336 0.4184173669467787 0.30462184873949577 0.4219187675070028 0.29528478057889823 0.4227941176470588 0.28431372549019607 0.4217436974789916 0.2826797385620915 0.39758403361344535 0.3104575163398693 0.3956582633053221
29 0.24906629318394025 0.39933473389355745 0.2525676937441643 0.4009103641456583 0.2542016806722689 0.42401960784313725 0.25140056022408963 0.4261204481792717 0.23809523809523808 0.4271708683473389 0.22012138188608776 0.4257703081232493 0.21685340802987862 0.40406162464985995 0.2203548085901027 0.39985994397759106 0.2488328664799253 0.39933473389355745
29 0.19607843137254902 0.13357843137254902 0.21778711484593838 0.13567927170868346 0.22735760971055088 0.13953081232492998 0.23015873015873015 0.16701680672268907 0.2280578898225957 0.17542016806722688 0.18744164332399627 0.1717436974789916 0.17717086834733894 0.16876750700280113 0.1746031746031746 0.13637955182072828 0.18207282913165265 0.13357843137254902 0.19584500466853408 0.13357843137254902
29 0.08169934640522876 0.3629201680672269 0.09967320261437909 0.3650210084033613 0.10224089635854341 0.38130252100840334 0.096171802054155 0.38375350140056025 0.05812324929971989 0.3851540616246499 0.052754435107376284 0.37324929971988796 0.047619047619047616 0.3697478991596639 0.04831932773109244 0.36642156862745096 0.08146591970121382 0.3629201680672269
29 0.15826330532212884 0.31442577030812324 0.19281045751633988 0.3174019607843137 0.19397759103641457 0.33473389355742295 0.17600373482726425 0.33648459383753504 0.14635854341736695 0.33490896358543415 0.14472455648926238 0.3174019607843137 0.14752567693744165 0.31512605042016806 0.1580298786181139 0.31442577030812324
29 0.22408963585434175 0.037289915966386554 0.22782446311858076 0.042717086834733894 0.22735760971055088 0.061274509803921566 0.20378151260504201 0.05742296918767507 0.2019140989729225 0.054446778711484595 0.20284780578898226 0.0392156862745098 0.2238562091503268 0.037289915966386554
29 0.008403361344537815 0 0.07026143790849673 0 0.07469654528478058 0.025910364145658265 0.07399626517273576 0.03011204481792717 0.06979458450046686 0.031512605042016806 0.04738562091503268 0.02853641456582633 0.028944911297852476 0.022058823529411766 0.018674136321195144 0.023284313725490197 0.011904761904761904 0.01873249299719888 0.008403361344537815 0.00017507002801120448
29 0.42180205415499533 0.1880252100840336 0.43977591036414565 0.19030112044817926 0.4425770308123249 0.19765406162464985 0.44281045751633985 0.23214285714285715 0.4393090569561158 0.23511904761904762 0.42670401493930904 0.23616946778711484 0.41456582633053224 0.2344187675070028 0.4143323996265173 0.19257703081232494 0.41596638655462187 0.18907563025210083 0.4215686274509804 0.1880252100840336
29 0.07096171802054155 0.6551120448179272 0.07773109243697479 0.6570378151260504 0.09523809523809523 0.6568627450980392 0.10364145658263306 0.6603641456582633 0.11741363211951447 0.6769957983193278 0.11624649859943978 0.6859243697478992 0.1057422969187675 0.6890756302521008 0.08006535947712418 0.6917016806722689 0.05718954248366013 0.6983543417366946 0.04318394024276377 0.696953781512605 0.029411764705882353 0.6783963585434174 0.029178338001867414 0.6717436974789915 0.046451914098972924 0.6631652661064426 0.05368814192343604 0.6624649859943977 0.07072829131652661 0.6552871148459384
29 0.12791783380018673 0.31425070028011204 0.14052287581699346 0.31495098039215685 0.14355742296918766 0.3168767507002801 0.14285714285714285 0.33473389355742295 0.11671335200746966 0.33735994397759106 0.0950046685340803 0.33648459383753504 0.09033613445378151 0.3175770308123249 0.10877684407096172 0.31425070028011204 0.1276844070961718 0.31425070028011204
29 0.2864145658263305 0.030637254901960783 0.3034547152194211 0.03273809523809524 0.30905695611577966 0.036414565826330535 0.3106909430438842 0.0817577030812325 0.30322128851540614 0.08333333333333333 0.28291316526610644 0.08018207282913166 0.280812324929972 0.077906162464986 0.2789449112978525 0.03571428571428571 0.280812324929972 0.031862745098039214 0.2861811391223156 0.03081232492997199
29 0.12581699346405228 0.7622549019607843 0.1465919701213819 0.7829131652661064 0.1799719887955182 0.8067226890756303 0.1895424836601307 0.821953781512605 0.19467787114845939 0.8454131652661064 0.16993464052287582 0.8473389355742297 0.12861811391223155 0.8648459383753502 0.11974789915966387 0.8709733893557423 0.11204481792717087 0.8709733893557423 0.08590102707749767 0.8841036414565826 0.05042016806722689 0.8956582633053222 0.031746031746031744 0.8874299719887955 0.003734827264239029 0.8594187675070029 0 0.8520658263305322 0 0.7967436974789915 0.024976657329598508 0.7855392156862745 0.04668534080298786 0.7787114845938375 0.05648926237161531 0.77906162464986 0.06956115779645192 0.7725840336134454 0.10107376283846872 0.7620798319327731 0.12301587301587301 0.7589285714285714 0.12558356676003735 0.7622549019607843