32 0.7205882352941176 0.10294117647058823 0.7238562091503268 0.109375 0.7242647058823529 0.13694852941176472 0.7279411764705882 0.14246323529411764 0.7250816993464052 0.16666666666666666 0.7275326797385621 0.19301470588235295 0.7250816993464052 0.20710784313725492 0.7283496732026143 0.21384803921568626 0.7246732026143791 0.22150735294117646 0.7111928104575164 0.22303921568627452 0.7054738562091504 0.22273284313725492 0.7022058823529411 0.21691176470588236 0.7066993464052288 0.21262254901960784 0.7169117647058824 0.21200980392156862 0.7193627450980392 0.20986519607843138 0.7181372549019608 0.20435049019607843 0.7120098039215687 0.19944852941176472 0.7111928104575164 0.19332107843137256 0.7124183006535948 0.15349264705882354 0.7181372549019608 0.13051470588235295 0.7152777777777778 0.1056985294117647 0.7201797385620915 0.10294117647058823
32 0.6646241830065359 0.11611519607843138 0.6638071895424836 0.14736519607843138 0.6695261437908496 0.15196078431372548 0.6658496732026143 0.19056372549019607 0.6687091503267973 0.21446078431372548 0.6662581699346405 0.2270220588235294 0.6523692810457516 0.22977941176470587 0.6474673202614379 0.22886029411764705 0.6470588235294118 0.22058823529411764 0.6507352941176471 0.2184436274509804 0.6584967320261438 0.2181372549019608 0.6621732026143791 0.21354166666666666 0.6597222222222222 0.20955882352941177 0.6523692810457516 0.20710784313725492 0.6519607843137255 0.20159313725490197 0.6544117647058824 0.16329656862745098 0.6564542483660131 0.15318627450980393 0.6605392156862745 0.1479779411764706 0.6568627450980392 0.11979166666666667 0.6605392156862745 0.11611519607843138 0.6642156862745098 0.11611519607843138
32 0.4334150326797386 0.4877450980392157 0.4354575163398693 0.4831495098039216 0.44076797385620914 0.484375 0.4395424836601307 0.5431985294117647 0.43790849673202614 0.5606617647058824 0.4354575163398693 0.5631127450980392 0.43218954248366015 0.5591299019607843 0.4338235294117647 0.4880514705882353
32 0.5216503267973857 0.14491421568627452 0.5236928104575164 0.14767156862745098 0.5204248366013072 0.15900735294117646 0.5253267973856209 0.18045343137254902 0.5265522875816994 0.23897058823529413 0.5224673202614379 0.24356617647058823 0.5122549019607843 0.24448529411764705 0.5093954248366013 0.23774509803921567 0.5196078431372549 0.23161764705882354 0.5118464052287581 0.22732843137254902 0.5138888888888888 0.22518382352941177 0.514297385620915 0.18198529411764705 0.5171568627450981 0.15900735294117646 0.5151143790849673 0.14705882352941177 0.5212418300653595 0.14491421568627452
32 0.747140522875817 0.6185661764705882 0.7504084967320261 0.6228553921568627 0.75 0.6305147058823529 0.7483660130718954 0.6528799019607843 0.7446895424836601 0.6565563725490197 0.7373366013071896 0.6541053921568627 0.7365196078431373 0.6461397058823529 0.7393790849673203 0.6191789215686274 0.7410130718954249 0.6176470588235294 0.7467320261437909 0.6185661764705882
32 0.4444444444444444 0.19240196078431374 0.44893790849673204 0.19607843137254902 0.4477124183006536 0.2113970588235294 0.4505718954248366 0.24846813725490197 0.4493464052287582 0.25153186274509803 0.4440359477124183 0.25245098039215685 0.43790849673202614 0.25214460784313725 0.4354575163398693 0.24846813725490197 0.4415849673202614 0.24111519607843138 0.4387254901960784 0.19607843137254902 0.4440359477124183 0.19240196078431374
32 0.397875816993464 0.4730392156862745 0.3999183006535948 0.4736519607843137 0.39869281045751637 0.5474877450980392 0.3954248366013072 0.5505514705882353 0.39215686274509803 0.5474877450980392 0.39338235294117646 0.47732843137254904 0.3974673202614379 0.4730392156862745
32 0.4117647058823529 0.19454656862745098 0.4150326797385621 0.19883578431372548 0.4178921568627451 0.25214460784313725 0.41625816993464054 0.2545955882352941 0.4113562091503268 0.2555147058823529 0.4056372549019608 0.2549019607843137 0.4040032679738562 0.25214460784313725 0.40441176470588236 0.24754901960784315 0.4117647058823529 0.24509803921568626 0.40645424836601307 0.24111519607843138 0.40645424836601307 0.20189950980392157 0.4076797385620915 0.19669117647058823 0.4113562091503268 0.19454656862745098
32 0.380718954248366 0.20404411764705882 0.38480392156862747 0.20741421568627452 0.38848039215686275 0.25214460784313725 0.38766339869281047 0.25735294117647056 0.38357843137254904 0.25888480392156865 0.3786764705882353 0.25857843137254904 0.3758169934640523 0.25582107843137253 0.37663398692810457 0.2493872549019608 0.3827614379084967 0.24816176470588236 0.37826797385620914 0.24448529411764705 0.37745098039215685 0.20741421568627452 0.38031045751633985 0.20404411764705882
32 0.5661764705882353 0.16697303921568626 0.5686274509803921 0.1724877450980392 0.5665849673202614 0.20220588235294118 0.568218954248366 0.2346813725490196 0.5661764705882353 0.23805147058823528 0.5584150326797386 0.23958333333333334 0.5522875816993464 0.23927696078431374 0.5486111111111112 0.2340686274509804 0.553921568627451 0.22824754901960784 0.5608660130718954 0.22794117647058823 0.5625 0.22487745098039216 0.5608660130718954 0.22181372549019607 0.556781045751634 0.22120098039215685 0.5555555555555556 0.21721813725490197 0.5559640522875817 0.17769607843137256 0.5580065359477124 0.16819852941176472 0.5620915032679739 0.16574754901960784 0.5657679738562091 0.16697303921568626
32 0.4840686274509804 0.1801470588235294 0.4877450980392157 0.18045343137254902 0.4889705882352941 0.18504901960784315 0.48856209150326796 0.24571078431372548 0.48733660130718953 0.24785539215686275 0.47671568627450983 0.24816176470588236 0.4730392156862745 0.24142156862745098 0.47998366013071897 0.23774509803921567 0.477124183006536 0.2340686274509804 0.4783496732026144 0.19240196078431374 0.47998366013071897 0.18412990196078433 0.4840686274509804 0.18045343137254902
32 0.6021241830065359 0.3238357843137255 0.6094771241830066 0.33057598039215685 0.6090686274509803 0.3492647058823529 0.6066176470588235 0.3560049019607843 0.6013071895424836 0.36121323529411764 0.5988562091503268 0.37346813725490197 0.5915032679738562 0.3805147058823529 0.5882352941176471 0.38112745098039214 0.5849673202614379 0.3802083333333333 0.5849673202614379 0.37254901960784315 0.5919117647058824 0.35294117647058826 0.5874183006535948 0.33486519607843135 0.5882352941176471 0.3314950980392157 0.6017156862745098 0.3238357843137255
32 0.8280228758169934 0.3912377450980392 0.8333333333333334 0.3939950980392157 0.826797385620915 0.4074754901960784 0.8243464052287581 0.4264705882352941 0.8202614379084967 0.43474264705882354 0.8206699346405228 0.4424019607843137 0.8174019607843137 0.4430147058823529 0.8125 0.4424019607843137 0.8137254901960784 0.42892156862745096 0.8186274509803921 0.41574754901960786 0.8137254901960784 0.39736519607843135 0.8165849673202614 0.39276960784313725 0.8276143790849673 0.3912377450980392
32 0.5571895424836601 0.3293504901960784 0.5645424836601307 0.3278186274509804 0.5665849673202614 0.35049019607843135 0.5637254901960784 0.37224264705882354 0.559640522875817 0.37714460784313725 0.5535130718954249 0.3789828431372549 0.5514705882352942 0.37745098039215685 0.5551470588235294 0.34957107843137253 0.5522875816993464 0.3403799019607843 0.5571895424836601 0.32965686274509803
32 0.44362745098039214 0.20526960784313725 0.015522875816993464 0.09497549019607843
32 0.6090686274509803 0.12193627450980392 0.6127450980392157 0.12316176470588236 0.6119281045751634 0.15410539215686275 0.6168300653594772 0.1642156862745098 0.6139705882352942 0.18106617647058823 0.6160130718954249 0.20710784313725492 0.6131535947712419 0.23284313725490197 0.5972222222222222 0.2346813725490196 0.5943627450980392 0.23069852941176472 0.5951797385620915 0.22579656862745098 0.6058006535947712 0.22334558823529413 0.6074346405228758 0.22058823529411764 0.6008986928104575 0.21292892156862744 0.6021241830065359 0.16329656862745098 0.6058006535947712 0.15502450980392157 0.6066176470588235 0.1409313725490196 0.6029411764705882 0.12622549019607843 0.6086601307189542 0.12224264705882353
32 0.6540032679738562 0.5496323529411765 0.6572712418300654 0.5738357843137255 0.6544117647058824 0.6188725490196079 0.6511437908496732 0.6283700980392157 0.6450163398692811 0.6268382352941176 0.6437908496732027 0.6237745098039216 0.6507352941176471 0.5526960784313726 0.6540032679738562 0.5499387254901961
32 0.7062908496732027 0.39276960784313725 0.7103758169934641 0.3939950980392157 0.7116013071895425 0.4169730392156863 0.7079248366013072 0.42003676470588236 0.7038398692810458 0.4172794117647059 0.7062908496732027 0.39307598039215685
32 0.5641339869281046 0.13082107843137256 0.5686274509803921 0.1332720588235294 0.5645424836601307 0.14613970588235295 0.5649509803921569 0.1639093137254902 0.5690359477124183 0.1712622549019608 0.5690359477124183 0.22886029411764705 0.5669934640522876 0.23774509803921567 0.5535130718954249 0.23958333333333334 0.5490196078431373 0.234375 0.553921568627451 0.22763480392156862 0.5571895424836601 0.22549019607843138 0.5604575163398693 0.22732843137254902 0.5616830065359477 0.22518382352941177 0.553921568627451 0.21997549019607843 0.5559640522875817 0.17279411764705882 0.559640522875817 0.16176470588235295 0.5580065359477124 0.13970588235294118 0.5637254901960784 0.13112745098039216
32 0.6991421568627451 0.3710171568627451 0.020016339869281044 0.028186274509803922
2 0.1352124183006536 0.5107230392156863 0.1437908496732026 0.5147058823529411 0.15073529411764705 0.5150122549019608 0.16094771241830066 0.5223651960784313 0.15727124183006536 0.5269607843137255 0.1556372549019608 0.5355392156862745 0.15604575163398693 0.571078431372549 0.1511437908496732 0.5732230392156863 0.14460784313725492 0.5726102941176471 0.13398692810457516 0.5677083333333334 0.12826797385620914 0.5606617647058824 0.12826797385620914 0.5140931372549019 0.12990196078431374 0.5110294117647058 0.13480392156862744 0.5107230392156863
2 0.15073529411764705 0.4571078431372549 0.16462418300653595 0.4638480392156863 0.16584967320261437 0.4856004901960784 0.1650326797385621 0.5021446078431373 0.15155228758169934 0.5061274509803921 0.1437908496732026 0.5058210784313726 0.13970588235294118 0.4996936274509804 0.13316993464052287 0.4966299019607843 0.12990196078431374 0.48651960784313725 0.12990196078431374 0.47579656862745096 0.1343954248366013 0.4653799019607843 0.13480392156862744 0.4564950980392157 0.13725490196078433 0.45465686274509803 0.14052287581699346 0.4574142156862745 0.1503267973856209 0.4571078431372549
2 0.2875816993464052 0.6724877450980392 0.29616013071895425 0.6749387254901961 0.3227124183006536 0.6911764705882353 0.32802287581699346 0.6924019607843137 0.32883986928104575 0.6951593137254902 0.32598039215686275 0.7006740196078431 0.30800653594771243 0.7077205882352942 0.29901960784313725 0.7202818627450981 0.2949346405228758 0.7374387254901961 0.2957516339869281 0.7619485294117647 0.29411764705882354 0.765625 0.289624183006536 0.7674632352941176 0.2826797385620915 0.7668504901960784 0.2749183006535948 0.7625612745098039 0.25857843137254904 0.7484681372549019 0.2512254901960784 0.7319240196078431 0.24632352941176472 0.7107843137254902 0.2479575163398693 0.6927083333333334 0.2577614379084967 0.6798406862745098 0.27205882352941174 0.6743259803921569 0.28717320261437906 0.6724877450980392
2 0.06495098039215687 0.4837622549019608 0.09191176470588236 0.49356617647058826 0.0988562091503268 0.49816176470588236 0.09395424836601307 0.5150122549019608 0.09272875816993464 0.5303308823529411 0.08823529411764706 0.5340073529411765 0.07720588235294118 0.5349264705882353 0.06781045751633986 0.5330882352941176 0.06004901960784314 0.5248161764705882 0.05800653594771242 0.48713235294117646 0.06045751633986928 0.4834558823529412 0.06454248366013073 0.4837622549019608
2 0.29697712418300654 0.2922794117647059 0.30718954248366015 0.2931985294117647 0.3227124183006536 0.29963235294117646 0.3284313725490196 0.30484068627450983 0.3312908496732026 0.3137254901960784 0.3284313725490196 0.33118872549019607 0.32802287581699346 0.3802083333333333 0.3165849673202614 0.38449754901960786 0.306781045751634 0.3915441176470588 0.2724673202614379 0.38357843137254904 0.2426470588235294 0.38480392156862747 0.2201797385620915 0.3716299019607843 0.21691176470588236 0.3707107843137255 0.21160130718954248 0.3737745098039216 0.2062908496732026 0.37285539215686275 0.20098039215686275 0.36611519607843135 0.20383986928104575 0.34221813725490197 0.21037581699346405 0.32996323529411764 0.20833333333333334 0.32015931372549017 0.21323529411764705 0.31403186274509803 0.2275326797385621 0.30667892156862747 0.23161764705882354 0.30575980392156865 0.23447712418300654 0.3075980392156863 0.23570261437908496 0.30361519607843135 0.24183006535947713 0.30269607843137253 0.2512254901960784 0.296875 0.2622549019607843 0.2981004901960784 0.28227124183006536 0.2919730392156863 0.2965686274509804 0.2922794117647059
2 0.3227124183006536 0.42432598039215685 0.3349673202614379 0.4261642156862745 0.3386437908496732 0.43075980392156865 0.3349673202614379 0.4332107843137255 0.3206699346405229 0.4329044117647059 0.3165849673202614 0.4368872549019608 0.31699346405228757 0.47855392156862747 0.31413398692810457 0.49356617647058826 0.2920751633986928 0.49203431372549017 0.28145424836601307 0.48743872549019607 0.27941176470588236 0.4368872549019608 0.2818627450980392 0.42830882352941174 0.2900326797385621 0.42463235294117646 0.30310457516339867 0.4231004901960784 0.32230392156862747 0.42432598039215685
2 0.3374183006535948 0.5033700980392157 0.35784313725490197 0.5088848039215687 0.3660130718954248 0.508578431372549 0.36764705882352944 0.5113357843137255 0.36764705882352944 0.5435049019607843 0.35866013071895425 0.5597426470588235 0.3647875816993464 0.5677083333333334 0.3647875816993464 0.571078431372549 0.35784313725490197 0.5726102941176471 0.34354575163398693 0.5716911764705882 0.3243464052287582 0.5609681372549019 0.3247549019607843 0.5257352941176471 0.32230392156862747 0.5049019607843137 0.33700980392156865 0.5033700980392157
2 0.19281045751633988 0.2028186274509804 0.19934640522875818 0.20618872549019607 0.198937908496732 0.2760416666666667 0.1854575163398693 0.27941176470588236 0.17483660130718953 0.27849264705882354 0.15522875816993464 0.2815563725490196 0.14665032679738563 0.28125 0.14501633986928106 0.2769607843137255 0.14501633986928106 0.21629901960784315 0.15441176470588236 0.20802696078431374 0.18178104575163398 0.2025122549019608 0.19240196078431374 0.2028186274509804
2 0.23488562091503268 0.5493259803921569 0.2602124183006536 0.5600490196078431 0.2696078431372549 0.5674019607843137 0.25939542483660133 0.5909926470588235 0.26143790849673204 0.6231617647058824 0.252859477124183 0.6268382352941176 0.24836601307189543 0.6265318627450981 0.2312091503267974 0.6182598039215687 0.2222222222222222 0.6044730392156863 0.21854575163398693 0.5854779411764706 0.21895424836601307 0.569546568627451 0.22916666666666666 0.5496323529411765 0.23447712418300654 0.5493259803921569
2 0.1650326797385621 0.5223651960784313 0.18341503267973855 0.5287990196078431 0.18872549019607843 0.5327818627450981 0.18218954248366012 0.5557598039215687 0.1854575163398693 0.5674019607843137 0.18504901960784315 0.5824142156862745 0.18218954248366012 0.5897671568627451 0.17524509803921567 0.5891544117647058 0.1650326797385621 0.5833333333333334 0.1568627450980392 0.571078431372549 0.15604575163398693 0.5294117647058824 0.15808823529411764 0.5238970588235294 0.16462418300653595 0.5223651960784313
2 0.272875816993464 0.5655637254901961 0.28717320261437906 0.5698529411764706 0.3190359477124183 0.5848651960784313 0.3088235294117647 0.6145833333333334 0.31086601307189543 0.6473651960784313 0.30106209150326796 0.6485906862745098 0.29330065359477125 0.6482843137254902 0.27655228758169936 0.6409313725490197 0.2704248366013072 0.6369485294117647 0.2638888888888889 0.6265318627450981 0.25939542483660133 0.6001838235294118 0.2602124183006536 0.5873161764705882 0.26143790849673204 0.5811887254901961 0.2724673202614379 0.5655637254901961
2 0.7283496732026143 0.7003676470588235 0.7679738562091504 0.7135416666666666 0.7802287581699346 0.7199754901960784 0.7843137254901961 0.7276348039215687 0.8002450980392157 0.7420343137254902 0.8088235294117647 0.7552083333333334 0.8206699346405228 0.7803308823529411 0.823937908496732 0.7965686274509803 0.8227124183006536 0.8186274509803921 0.8141339869281046 0.8348651960784313 0.7634803921568627 0.8560049019607843 0.7397875816993464 0.8633578431372549 0.7303921568627451 0.8615196078431373 0.6752450980392157 0.8318014705882353 0.6666666666666666 0.8247549019607843 0.6503267973856209 0.8033088235294118 0.6433823529411765 0.789828431372549 0.6384803921568627 0.7723651960784313 0.6388888888888888 0.7478553921568627 0.6491013071895425 0.7264093137254902 0.6601307189542484 0.7190563725490197 0.6691176470588235 0.7181372549019608 0.6756535947712419 0.7113970588235294 0.6899509803921569 0.7049632352941176 0.7279411764705882 0.7003676470588235
2 0.13480392156862744 0.30300245098039214 0.14052287581699346 0.30484068627450983 0.14665032679738563 0.30300245098039214 0.1556372549019608 0.30361519607843135 0.15808823529411764 0.30545343137254904 0.15522875816993464 0.3272058823529412 0.15645424836601307 0.3394607843137255 0.15318627450980393 0.3474264705882353 0.15359477124183007 0.37346813725490197 0.1511437908496732 0.3756127450980392 0.13562091503267973 0.37653186274509803 0.12459150326797386 0.3753063725490196 0.12295751633986927 0.36672794117647056 0.12622549019607843 0.3075980392156863 0.12990196078431374 0.30361519607843135 0.1343954248366013 0.30300245098039214
2 0.09763071895424837 0.5670955882352942 0.10620915032679738 0.5704656862745098 0.11887254901960784 0.5814950980392157 0.10580065359477124 0.5848651960784313 0.10049019607843138 0.5952818627450981 0.10212418300653595 0.6280637254901961 0.09926470588235294 0.6341911764705882 0.08946078431372549 0.6302083333333334 0.08088235294117647 0.6231617647058824 0.07679738562091504 0.6130514705882353 0.0755718954248366 0.5965073529411765 0.07598039215686274 0.5808823529411765 0.08006535947712418 0.5707720588235294 0.08905228758169935 0.5661764705882353 0.09722222222222222 0.5670955882352942
2 0.17933006535947713 0.3014705882352941 0.20465686274509803 0.30361519607843135 0.20833333333333334 0.3069852941176471 0.20955882352941177 0.31403186274509803 0.20016339869281047 0.37316176470588236 0.17647058823529413 0.37653186274509803 0.15604575163398693 0.375 0.1527777777777778 0.36121323529411764 0.1597222222222222 0.30606617647058826 0.16625816993464052 0.3017769607843137 0.17892156862745098 0.3014705882352941
2 0.11764705882352941 0.4411764705882353 0.12663398692810457 0.4411764705882353 0.13398692810457516 0.44515931372549017 0.1294934640522876 0.484375 0.12377450980392157 0.4877450980392157 0.10580065359477124 0.4889705882352941 0.08088235294117647 0.484375 0.0784313725490196 0.4806985294117647 0.07802287581699346 0.44730392156862747 0.08129084967320262 0.4420955882352941 0.11723856209150327 0.4411764705882353
2 0.24183006535947713 0.6470588235294118 0.2520424836601307 0.6507352941176471 0.27450980392156865 0.6645220588235294 0.2724673202614379 0.6734068627450981 0.2569444444444444 0.6795343137254902 0.24754901960784315 0.694546568627451 0.24673202614379086 0.7144607843137255 0.24959150326797386 0.7310049019607843 0.24428104575163398 0.7349877450980392 0.23243464052287582 0.7306985294117647 0.21609477124183007 0.7202818627450981 0.2062908496732026 0.6994485294117647 0.20302287581699346 0.6844362745098039 0.20465686274509803 0.6669730392156863 0.21323529411764705 0.6537990196078431 0.2201797385620915 0.6501225490196079 0.24142156862745098 0.6470588235294118
2 0.1687091503267974 0.46078431372549017 0.1772875816993464 0.46262254901960786 0.19281045751633988 0.46170343137254904 0.2005718954248366 0.4730392156862745 0.20302287581699346 0.4954044117647059 0.1977124183006536 0.5045955882352942 0.19812091503267973 0.5119485294117647 0.19281045751633988 0.5131740196078431 0.17483660130718953 0.5098039215686274 0.16666666666666666 0.5045955882352942 0.16462418300653595 0.46231617647058826 0.16830065359477125 0.46078431372549017
2 0.4215686274509804 0.7374387254901961 0.44281045751633985 0.7503063725490197 0.45669934640522875 0.7720588235294118 0.460375816993464 0.7833946078431373 0.45669934640522875 0.7867647058823529 0.44730392156862747 0.7895220588235294 0.4309640522875817 0.8060661764705882 0.4272875816993464 0.8207720588235294 0.4264705882352941 0.8526348039215687 0.40808823529411764 0.8581495098039216 0.4007352941176471 0.8560049019607843 0.36887254901960786 0.8305759803921569 0.3562091503267974 0.8002450980392157 0.35498366013071897 0.7702205882352942 0.3582516339869281 0.7601102941176471 0.372140522875817 0.7444852941176471 0.42116013071895425 0.7374387254901961
2 0.4987745098039216 0.7794117647058824 0.505718954248366 0.7818627450980392 0.5326797385620915 0.8002450980392157 0.5473856209150327 0.8219975490196079 0.5543300653594772 0.8419117647058824 0.5428921568627451 0.8498774509803921 0.5265522875816994 0.8547794117647058 0.5175653594771242 0.8633578431372549 0.5106209150326797 0.8817401960784313 0.5106209150326797 0.9083946078431373 0.5073529411764706 0.9117647058823529 0.4930555555555556 0.9166666666666666 0.4848856209150327 0.9157475490196079 0.47794117647058826 0.9120710784313726 0.44607843137254904 0.8851102941176471 0.43218954248366015 0.8602941176470589 0.42769607843137253 0.8342524509803921 0.431781045751634 0.8057598039215687 0.4493464052287582 0.789828431372549 0.47875816993464054 0.7809436274509803 0.49836601307189543 0.7794117647058824
2 0.18913398692810457 0.6210171568627451 0.20261437908496732 0.6231617647058824 0.23366013071895425 0.640625 0.23202614379084968 0.6470588235294118 0.21446078431372548 0.6522671568627451 0.20506535947712418 0.664828431372549 0.20302287581699346 0.6783088235294118 0.2042483660130719 0.6991421568627451 0.19281045751633988 0.7009803921568627 0.1744281045751634 0.6914828431372549 0.16053921568627452 0.664828431372549 0.1613562091503268 0.6403186274509803 0.16748366013071894 0.6292892156862745 0.17197712418300654 0.6256127450980392 0.18872549019607843 0.6213235294117647
2 0.3300653594771242 0.1636029411764706 0.34191176470588236 0.16758578431372548 0.35294117647058826 0.18566176470588236 0.3590686274509804 0.21292892156862744 0.3602941176470588 0.25888480392156865 0.35171568627450983 0.26317401960784315 0.3321078431372549 0.2662377450980392 0.3075980392156863 0.2653186274509804 0.2826797385620915 0.2689950980392157 0.26633986928104575 0.26868872549019607 0.2610294117647059 0.2613357843137255 0.2630718954248366 0.2270220588235294 0.2716503267973856 0.18259803921568626 0.2928921568627451 0.1642156862745098 0.3035130718954248 0.16574754901960784 0.31004901960784315 0.1636029411764706 0.32965686274509803 0.1636029411764706
2 0.18055555555555555 0.3014705882352941 0.20261437908496732 0.30300245098039214 0.20751633986928106 0.30606617647058826 0.20955882352941177 0.3131127450980392 0.20874183006535948 0.3321078431372549 0.20220588235294118 0.3556985294117647 0.2005718954248366 0.37285539215686275 0.17565359477124182 0.37653186274509803 0.12663398692810457 0.375 0.12418300653594772 0.37193627450980393 0.12377450980392157 0.3606004901960784 0.12622549019607843 0.3268995098039216 0.13031045751633988 0.32107843137254904 0.12867647058823528 0.3174019607843137 0.13480392156862744 0.30514705882352944 0.13970588235294118 0.30330882352941174 0.1801470588235294 0.3014705882352941
2 0.061683006535947715 0.5499387254901961 0.08905228758169935 0.5640318627450981 0.07924836601307189 0.5719975490196079 0.07679738562091504 0.5768995098039216 0.0763888888888889 0.6139705882352942 0.0718954248366013 0.616421568627451 0.06740196078431372 0.6155024509803921 0.05923202614379085 0.609375 0.053513071895424834 0.5955882352941176 0.05269607843137255 0.5652573529411765 0.05555555555555555 0.553921568627451 0.061274509803921566 0.5499387254901961
2 0.2834967320261438 0.4880514705882353 0.2900326797385621 0.49142156862745096 0.3137254901960784 0.49387254901960786 0.3161764705882353 0.5003063725490197 0.32393790849673204 0.5055147058823529 0.3235294117647059 0.5189950980392157 0.3276143790849673 0.5263480392156863 0.3247549019607843 0.5327818627450981 0.32393790849673204 0.5511642156862745 0.32107843137254904 0.5548406862745098 0.29044117647058826 0.5533088235294118 0.2798202614379085 0.539828431372549 0.2785947712418301 0.49111519607843135 0.2798202614379085 0.4880514705882353 0.28308823529411764 0.4880514705882353
2 0.05024509803921569 0.5435049019607843 0.05800653594771242 0.5456495098039216 0.06372549019607843 0.5502450980392157 0.056781045751633986 0.5542279411764706 0.05228758169934641 0.5674019607843137 0.054330065359477125 0.5925245098039216 0.05269607843137255 0.5998774509803921 0.0494281045751634 0.5995710784313726 0.039624183006535946 0.5906862745098039 0.035130718954248366 0.5768995098039216 0.035130718954248366 0.5462622549019608 0.03839869281045752 0.5441176470588235 0.049836601307189546 0.5435049019607843
2 0.19240196078431374 0.5340073529411765 0.21977124183006536 0.5431985294117647 0.22794117647058823 0.5496323529411765 0.21895424836601307 0.569546568627451 0.21854575163398693 0.5876225490196079 0.22099673202614378 0.5946691176470589 0.21895424836601307 0.6050857843137255 0.2062908496732026 0.6063112745098039 0.19281045751633988 0.5998774509803921 0.18504901960784315 0.5885416666666666 0.18178104575163398 0.5551470588235294 0.184640522875817 0.5419730392156863 0.1919934640522876 0.5343137254901961
2 0.33619281045751637 0.42892156862745096 0.3451797385620915 0.43106617647058826 0.3790849673202614 0.43137254901960786 0.397875816993464 0.4335171568627451 0.40931372549019607 0.44025735294117646 0.4117647058823529 0.4564950980392157 0.40931372549019607 0.4583333333333333 0.40441176470588236 0.46047794117647056 0.37826797385620914 0.46047794117647056 0.3709150326797386 0.4632352941176471 0.3660130718954248 0.5098039215686274 0.3247549019607843 0.5033700980392157 0.31699346405228757 0.49846813725490197 0.31413398692810457 0.4849877450980392 0.315359477124183 0.4375 0.3202614379084967 0.43075980392156865 0.33578431372549017 0.42892156862745096
2 0.6115196078431373 0.6544117647058824 0.6613562091503268 0.6703431372549019 0.6683006535947712 0.6752450980392157 0.681781045751634 0.678921568627451 0.7022058823529411 0.6890318627450981 0.6964869281045751 0.6963848039215687 0.6875 0.6982230392156863 0.6854575163398693 0.694546568627451 0.6866830065359477 0.6994485294117647 0.6838235294117647 0.703125 0.670751633986928 0.7113970588235294 0.6683006535947712 0.7159926470588235 0.6548202614379085 0.7196691176470589 0.6503267973856209 0.7230392156862745 0.639297385620915 0.7423406862745098 0.636437908496732 0.7858455882352942 0.625 0.7931985294117647 0.6143790849673203 0.7953431372549019 0.6037581699346405 0.7938112745098039 0.5853758169934641 0.7861519607843137 0.5559640522875817 0.772671568627451 0.5465686274509803 0.7662377450980392 0.5285947712418301 0.7371323529411765 0.5249183006535948 0.7147671568627451 0.5277777777777778 0.6933210784313726 0.5400326797385621 0.6776960784313726 0.5592320261437909 0.664828431372549 0.5751633986928104 0.6580882352941176 0.6111111111111112 0.6544117647058824
2 0.07107843137254902 0.4375 0.0784313725490196 0.4424019607843137 0.0784313725490196 0.47732843137254904 0.07475490196078431 0.4797794117647059 0.06454248366013073 0.47732843137254904 0.0625 0.47181372549019607 0.060866013071895424 0.43903186274509803 0.06372549019607843 0.4362745098039216 0.07066993464052287 0.4375
2 0.23080065359477125 0.4117647058823529 0.2340686274509804 0.41452205882352944 0.23447712418300654 0.4644607843137255 0.23774509803921567 0.48253676470588236 0.23651960784313725 0.5018382352941176 0.23897058823529413 0.5223651960784313 0.23488562091503268 0.5245098039215687 0.21568627450980393 0.522671568627451 0.2062908496732026 0.5196078431372549 0.198937908496732 0.5061274509803921 0.2042483660130719 0.49019607843137253 0.2013888888888889 0.4727328431372549 0.19730392156862744 0.4641544117647059 0.1977124183006536 0.41574754901960786 0.19975490196078433 0.41299019607843135 0.23039215686274508 0.4117647058823529
2 0.2647058823529412 0.29534313725490197 0.26715686274509803 0.296875 0.2622549019607843 0.3014705882352941 0.25163398692810457 0.3002450980392157 0.24836601307189543 0.3017769607843137 0.22916666666666666 0.32046568627450983 0.2340686274509804 0.34221813725490197 0.22998366013071894 0.3560049019607843 0.23161764705882354 0.3627450980392157 0.22549019607843138 0.3694852941176471 0.2275326797385621 0.375 0.23080065359477125 0.37683823529411764 0.20915032679738563 0.3753063725490196 0.20179738562091504 0.3694852941176471 0.2013888888888889 0.3596813725490196 0.20833333333333334 0.3333333333333333 0.20915032679738563 0.31832107843137253 0.2173202614379085 0.31035539215686275 0.23080065359477125 0.3023897058823529 0.25163398692810457 0.2962622549019608 0.26429738562091504 0.29534313725490197
2 0.1090686274509804 0.5012254901960784 0.119281045751634 0.5042892156862745 0.13276143790849673 0.5119485294117647 0.1294934640522876 0.5134803921568627 0.12745098039215685 0.5251225490196079 0.127859477124183 0.5545343137254902 0.12295751633986927 0.5603553921568627 0.10253267973856209 0.5536151960784313 0.09436274509803921 0.5330882352941176 0.09395424836601307 0.5162377450980392 0.09844771241830065 0.5033700980392157 0.1017156862745098 0.5006127450980392 0.10866013071895425 0.5012254901960784
2 0.13970588235294118 0.21507352941176472 0.14583333333333334 0.21691176470588236 0.1437908496732026 0.2496936274509804 0.1454248366013072 0.2803308823529412 0.14419934640522875 0.28278186274509803 0.13766339869281047 0.28400735294117646 0.12745098039215685 0.28308823529411764 0.12622549019607843 0.2668504901960784 0.127859477124183 0.2181372549019608 0.12990196078431374 0.21507352941176472 0.13929738562091504 0.21507352941176472
2 0.9007352941176471 0.9577205882352942 0.9044117647058824 0.9638480392156863 0.8954248366013072 0.9996936274509803 0.7924836601307189 0.9996936274509803 0.7924836601307189 0.9975490196078431 0.8031045751633987 0.9859068627450981 0.8104575163398693 0.9831495098039216 0.821078431372549 0.9745710784313726 0.8349673202614379 0.9696691176470589 0.8533496732026143 0.9721200980392157 0.883578431372549 0.9883578431372549 0.8941993464052288 0.9604779411764706 0.9003267973856209 0.9577205882352942
2 0.5134803921568627 0.6213235294117647 0.5290032679738562 0.6265318627450981 0.5302287581699346 0.6299019607843137 0.5412581699346405 0.6363357843137255 0.5547385620915033 0.6544117647058824 0.556781045751634 0.6614583333333334 0.5514705882352942 0.6706495098039216 0.5388071895424836 0.6773897058823529 0.5277777777777778 0.6911764705882353 0.5236928104575164 0.7058823529411765 0.5249183006535948 0.734375 0.5224673202614379 0.7368259803921569 0.5036764705882353 0.7423406862745098 0.497140522875817 0.741421568627451 0.4665032679738562 0.727328431372549 0.4526143790849673 0.7175245098039216 0.4383169934640523 0.6939338235294118 0.43504901960784315 0.6629901960784313 0.4387254901960784 0.6470588235294118 0.4456699346405229 0.6381740196078431 0.4526143790849673 0.6354166666666666 0.4562908496732026 0.6295955882352942 0.4897875816993464 0.6225490196078431 0.5130718954248366 0.6213235294117647
2 0.3247549019607843 0.5879289215686274 0.3459967320261438 0.5958946078431373 0.38031045751633985 0.5977328431372549 0.3839869281045752 0.602328431372549 0.38357843137254904 0.6127450980392157 0.3827614379084967 0.6099877450980392 0.3790849673202614 0.6106004901960784 0.372140522875817 0.6265318627450981 0.372140522875817 0.6510416666666666 0.3770424836601307 0.6721813725490197 0.3729575163398693 0.6758578431372549 0.3541666666666667 0.6798406862745098 0.3451797385620915 0.6786151960784313 0.32312091503267976 0.6657475490196079 0.31290849673202614 0.6467524509803921 0.31004901960784315 0.6292892156862745 0.3104575163398693 0.6102941176470589 0.3137254901960784 0.5989583333333334 0.32107843137254904 0.5888480392156863 0.3243464052287582 0.5879289215686274
2 0.7271241830065359 0.899203431372549 0.7373366013071896 0.9028799019607843 0.7794117647058824 0.9319852941176471 0.801062091503268 0.9620098039215687 0.8084150326797386 0.9736519607843137 0.8088235294117647 0.9803921568627451 0.7961601307189542 0.9911151960784313 0.7912581699346405 0.9996936274509803 0.7148692810457516 0.9996936274509803 0.7193627450980392 0.9555759803921569 0.7083333333333334 0.9482230392156863 0.7062908496732027 0.944546568627451 0.6981209150326797 0.9417892156862745 0.678921568627451 0.9273897058823529 0.6756535947712419 0.930453431372549 0.676062091503268 0.9390318627450981 0.6719771241830066 0.9405637254901961 0.6744281045751634 0.9316789215686274 0.6711601307189542 0.9181985294117647 0.6850490196078431 0.9068627450980392 0.6899509803921569 0.9037990196078431 0.7095588235294118 0.9044117647058824 0.7267156862745098 0.899203431372549
2 0.252859477124183 0.41605392156862747 0.2687908496732026 0.42003676470588236 0.27941176470588236 0.41973039215686275 0.2834967320261438 0.421875 0.2839052287581699 0.42463235294117646 0.28022875816993464 0.42922794117647056 0.2785947712418301 0.4411764705882353 0.27941176470588236 0.5327818627450981 0.2769607843137255 0.5370710784313726 0.2696078431372549 0.5379901960784313 0.25857843137254904 0.5379901960784313 0.24632352941176472 0.5324754901960784 0.24101307189542484 0.5272671568627451 0.23733660130718953 0.5116421568627451 0.23937908496732027 0.4840686274509804 0.23570261437908496 0.47457107843137253 0.2340686274509804 0.42034313725490197 0.23733660130718953 0.4172794117647059 0.25245098039215685 0.41605392156862747
2 0.2361111111111111 0.1878063725490196 0.26348039215686275 0.18412990196078433 0.2696078431372549 0.18566176470588236 0.2618464052287582 0.22855392156862744 0.2602124183006536 0.2689950980392157 0.24509803921568626 0.27359068627450983 0.20710784313725492 0.2766544117647059 0.20098039215686275 0.27542892156862747 0.198937908496732 0.2668504901960784 0.20179738562091504 0.2034313725490196 0.22426470588235295 0.18903186274509803 0.23570261437908496 0.1878063725490196
2 0.3382352941176471 0.6991421568627451 0.3553921568627451 0.7077205882352942 0.3790849673202614 0.7098651960784313 0.38643790849673204 0.7169117647058824 0.38643790849673204 0.7236519607843137 0.39133986928104575 0.734375 0.3897058823529412 0.7401960784313726 0.37336601307189543 0.7426470588235294 0.3680555555555556 0.7460171568627451 0.36519607843137253 0.7530637254901961 0.35784313725490197 0.7601102941176471 0.35375816993464054 0.774203431372549 0.35498366013071897 0.803921568627451 0.3451797385620915 0.8072916666666666 0.32802287581699346 0.8005514705882353 0.3104575163398693 0.7879901960784313 0.2986111111111111 0.7659313725490197 0.2965686274509804 0.7555147058823529 0.2957516339869281 0.7337622549019608 0.3002450980392157 0.71875 0.3104575163398693 0.7068014705882353 0.33782679738562094 0.6991421568627451
2 0.43137254901960786 0.5922181372549019 0.46200980392156865 0.6020220588235294 0.47058823529411764 0.6096813725490197 0.4738562091503268 0.6194852941176471 0.46977124183006536 0.6237745098039216 0.4542483660130719 0.6292892156862745 0.4375 0.6482843137254902 0.43423202614379086 0.6657475490196079 0.4366830065359477 0.6927083333333334 0.4334150326797386 0.6966911764705882 0.4252450980392157 0.6997549019607843 0.4178921568627451 0.6985294117647058 0.3991013071895425 0.6893382352941176 0.3827614379084967 0.6764705882352942 0.3729575163398693 0.6516544117647058 0.372140522875817 0.6329656862745098 0.37663398692810457 0.6155024509803921 0.3909313725490196 0.5980392156862745 0.40645424836601307 0.59375 0.4309640522875817 0.5922181372549019
2 0.36968954248366015 0.29411764705882354 0.39828431372549017 0.29473039215686275 0.4076797385620915 0.2974877450980392 0.4113562091503268 0.29442401960784315 0.4117647058823529 0.2962622549019608 0.4105392156862745 0.3002450980392157 0.3966503267973856 0.3079044117647059 0.3799019607843137 0.31066176470588236 0.37663398692810457 0.31403186274509803 0.37663398692810457 0.3897058823529412 0.34558823529411764 0.38848039215686275 0.3382352941176471 0.3863357843137255 0.3333333333333333 0.38204656862745096 0.3312908496732026 0.3716299019607843 0.33088235294117646 0.3278186274509804 0.3366013071895425 0.30545343137254904 0.3492647058823529 0.2965686274509804 0.369281045751634 0.29442401960784315
2 0.5972222222222222 0.8348651960784313 0.6388888888888888 0.8584558823529411 0.6589052287581699 0.8893995098039216 0.6687091503267973 0.9129901960784313 0.6646241830065359 0.9197303921568627 0.6499183006535948 0.9231004901960784 0.6397058823529411 0.9319852941176471 0.6348039215686274 0.944546568627451 0.6327614379084967 0.9702818627450981 0.6299019607843137 0.9770220588235294 0.5976307189542484 0.992953431372549 0.5837418300653595 0.9901960784313726 0.576797385620915 0.9825367647058824 0.5322712418300654 0.9497549019607843 0.5187908496732027 0.9261642156862745 0.511437908496732 0.8939950980392157 0.5138888888888888 0.8725490196078431 0.5257352941176471 0.8563112745098039 0.5400326797385621 0.8529411764705882 0.5469771241830066 0.8477328431372549 0.5641339869281046 0.8406862745098039 0.5894607843137255 0.8348651960784313 0.5968137254901961 0.8348651960784313
2 0.1380718954248366 0.40349264705882354 0.15073529411764705 0.4050245098039216 0.15400326797385622 0.4074754901960784 0.15196078431372548 0.4117647058823529 0.15073529411764705 0.45496323529411764 0.14583333333333334 0.4580269607843137 0.136437908496732 0.45557598039215685 0.13602941176470587 0.44577205882352944 0.13071895424836602 0.4325980392156863 0.13276143790849673 0.4206495098039216 0.13031045751633988 0.40778186274509803 0.13357843137254902 0.40379901960784315 0.13766339869281047 0.40349264705882354
2 0.1270424836601307 0.5839460784313726 0.1556372549019608 0.5989583333333334 0.15196078431372548 0.6035539215686274 0.1437908496732026 0.6060049019607843 0.13970588235294118 0.6096813725490197 0.13766339869281047 0.616421568627451 0.13848039215686275 0.6479779411764706 0.13071895424836602 0.6522671568627451 0.11887254901960784 0.6510416666666666 0.10580065359477124 0.640625 0.10212418300653595 0.6308210784313726 0.10049019607843138 0.6096813725490197 0.10089869281045752 0.5946691176470589 0.10416666666666667 0.5860906862745098 0.11070261437908496 0.5833333333333334 0.12663398692810457 0.5839460784313726
2 0.1650326797385621 0.6035539215686274 0.18341503267973855 0.6127450980392157 0.1895424836601307 0.6197916666666666 0.1715686274509804 0.6262254901960784 0.16748366013071894 0.6299019607843137 0.16013071895424835 0.6528799019607843 0.16380718954248366 0.6681985294117647 0.16176470588235295 0.6761642156862745 0.15441176470588236 0.6755514705882353 0.1437908496732026 0.6645220588235294 0.13848039215686275 0.6485906862745098 0.13684640522875818 0.625 0.14052287581699346 0.6075367647058824 0.1503267973856209 0.6038602941176471 0.16462418300653595 0.6035539215686274