1 0.47671568627450983 0.8026960784313726 0.48192401960784315 0.8071895424836601 0.4846813725490196 0.8137254901960784 0.4837622549019608 0.8206699346405228 0.47763480392156865 0.8284313725490197 0.46721813725490197 0.8145424836601307 0.4693627450980392 0.8059640522875817 0.4733455882352941 0.8022875816993464 0.47640931372549017 0.8026960784313726
1 0.49142156862745096 0.7798202614379085 0.49816176470588236 0.7847222222222222 0.5009191176470589 0.7973856209150327 0.49816176470588236 0.8075980392156863 0.4895833333333333 0.8120915032679739 0.48284313725490197 0.8084150326797386 0.4794730392156863 0.8031045751633987 0.47855392156862747 0.795751633986928 0.4840686274509804 0.7830882352941176 0.49111519607843135 0.7798202614379085
1 0.41329656862745096 0.9726307189542484 0.4231004901960784 0.9844771241830066 0.42401960784313725 0.9918300653594772 0.4212622549019608 0.9995915032679739 0.4059436274509804 0.9995915032679739 0.4010416666666667 0.9897875816993464 0.39644607843137253 0.9893790849673203 0.3939950980392157 0.9930555555555556 0.39307598039215685 0.9910130718954249 0.39368872549019607 0.9861111111111112 0.4007352941176471 0.9763071895424836 0.40778186274509803 0.9718137254901961 0.41299019607843135 0.9726307189542484
1 0.31832107843137253 0.8647875816993464 0.3238357843137255 0.8717320261437909 0.3244485294117647 0.8803104575163399 0.32138480392156865 0.8852124183006536 0.31403186274509803 0.8815359477124183 0.3118872549019608 0.8766339869281046 0.3137254901960784 0.8643790849673203 0.3180147058823529 0.8647875816993464
1 0.38786764705882354 0.8361928104575164 0.3939950980392157 0.8419117647058824 0.39736519607843135 0.8521241830065359 0.390625 0.8651960784313726 0.38388480392156865 0.8602941176470589 0.37714460784313725 0.8484477124183006 0.3799019607843137 0.8390522875816994 0.38756127450980393 0.8361928104575164
1 0.45006127450980393 0.826797385620915 0.4571078431372549 0.8451797385620915 0.4574142156862745 0.8521241830065359 0.4537377450980392 0.8545751633986928 0.44485294117647056 0.8525326797385621 0.4365808823529412 0.8386437908496732 0.43903186274509803 0.8280228758169934 0.4497549019607843 0.826797385620915
1 0.35631127450980393 0.7867647058823529 0.3627450980392157 0.7896241830065359 0.36734068627450983 0.8006535947712419 0.36642156862745096 0.8071895424836601 0.359375 0.8141339869281046 0.35324754901960786 0.809640522875817 0.3483455882352941 0.7965686274509803 0.35171568627450983 0.7883986928104575 0.3560049019607843 0.7867647058823529
1 0.3556985294117647 0.8811274509803921 0.3599877450980392 0.8909313725490197 0.3599877450980392 0.9007352941176471 0.35355392156862747 0.9101307189542484 0.34589460784313725 0.9125816993464052 0.3385416666666667 0.9089052287581699 0.3333333333333333 0.9011437908496732 0.33394607843137253 0.8978758169934641 0.3403799019607843 0.8856209150326797 0.3553921568627451 0.8811274509803921
1 0.44485294117647056 0.801062091503268 0.45496323529411764 0.8141339869281046 0.4534313725490196 0.8218954248366013 0.4497549019607843 0.8255718954248366 0.4420955882352941 0.8231209150326797 0.4338235294117647 0.8080065359477124 0.43566176470588236 0.8026960784313726 0.44454656862745096 0.801062091503268
1 0.37224264705882354 0.8958333333333334 0.37714460784313725 0.9003267973856209 0.37714460784313725 0.9056372549019608 0.3697916666666667 0.9183006535947712 0.3584558823529412 0.9121732026143791 0.35723039215686275 0.9076797385620915 0.36243872549019607 0.8974673202614379 0.37193627450980393 0.8958333333333334
1 0.3388480392156863 0.8651960784313726 0.3425245098039216 0.869281045751634 0.3400735294117647 0.8762254901960784 0.3247549019607843 0.8843954248366013 0.32138480392156865 0.8831699346405228 0.3226102941176471 0.8729575163398693 0.33026960784313725 0.8651960784313726 0.3385416666666667 0.8651960784313726
1 0.44025735294117646 0.9554738562091504 0.44607843137254904 0.9636437908496732 0.44607843137254904 0.9669117647058824 0.43933823529411764 0.9767156862745098 0.4371936274509804 0.9742647058823529 0.43566176470588236 0.9558823529411765 0.43995098039215685 0.9554738562091504
1 0.5257352941176471 0.8214869281045751 0.5287990196078431 0.8243464052287581 0.5275735294117647 0.8284313725490197 0.5189950980392157 0.8361928104575164 0.5165441176470589 0.8345588235294118 0.5186887254901961 0.8243464052287581 0.5254289215686274 0.8218954248366013
1 0.4840686274509804 0.8308823529411765 0.4895833333333333 0.8374183006535948 0.4944852941176471 0.8521241830065359 0.49295343137254904 0.8590686274509803 0.4877450980392157 0.8627450980392157 0.47702205882352944 0.8537581699346405 0.4727328431372549 0.8455882352941176 0.47610294117647056 0.8345588235294118 0.4837622549019608 0.8308823529411765
1 0.46691176470588236 0.8165849673202614 0.4739583333333333 0.8247549019607843 0.47549019607843135 0.8333333333333334 0.47089460784313725 0.8419117647058824 0.46047794117647056 0.8480392156862745 0.4564950980392157 0.8447712418300654 0.45159313725490197 0.8280228758169934 0.4564950980392157 0.818218954248366 0.46660539215686275 0.8165849673202614
1 0.4583333333333333 0.9313725490196079 0.4653799019607843 0.9387254901960784 0.4647671568627451 0.9424019607843137 0.4522058823529412 0.9599673202614379 0.4476102941176471 0.9632352941176471 0.4381127450980392 0.9534313725490197 0.4375 0.9493464052287581 0.4408700980392157 0.9424019607843137 0.4494485294117647 0.9334150326797386 0.4580269607843137 0.9313725490196079
1 0.47150735294117646 0.7712418300653595 0.47855392156862747 0.7749183006535948 0.4831495098039216 0.7822712418300654 0.47732843137254904 0.7965686274509803 0.4736519607843137 0.795751633986928 0.46139705882352944 0.7826797385620915 0.4635416666666667 0.7745098039215687 0.47120098039215685 0.7712418300653595
1 0.3700980392156863 0.8165849673202614 0.37653186274509803 0.8206699346405228 0.38174019607843135 0.8296568627450981 0.38174019607843135 0.8349673202614379 0.37653186274509803 0.8415032679738562 0.3700980392156863 0.8386437908496732 0.3636642156862745 0.8276143790849673 0.3642769607843137 0.821078431372549 0.3697916666666667 0.8165849673202614