18 0.47344771241830064 0.5726102941176471 0.4950980392156863 0.5735294117647058 0.5024509803921569 0.5836397058823529 0.5040849673202614 0.5958946078431373 0.5004084967320261 0.6124387254901961 0.5012254901960784 0.6197916666666666 0.49836601307189543 0.6240808823529411 0.49142156862745096 0.6274509803921569 0.4840686274509804 0.6265318627450981 0.4701797385620915 0.6305147058823529 0.44689542483660133 0.6311274509803921 0.4285130718954248 0.6277573529411765 0.42483660130718953 0.6234681372549019 0.4252450980392157 0.6194852941176471 0.42116013071895425 0.6161151960784313 0.41911764705882354 0.5882352941176471 0.4207516339869281 0.5750612745098039 0.4305555555555556 0.5719975490196079 0.4562908496732026 0.5738357843137255 0.4730392156862745 0.5726102941176471
18 0.4848856209150327 0.7043504901960784 0.4918300653594771 0.7126225490196079 0.5020424836601307 0.7377450980392157 0.4922385620915033 0.7582720588235294 0.4877450980392157 0.7625612745098039 0.4812091503267974 0.7643995098039216 0.4534313725490196 0.7650122549019608 0.43218954248366015 0.7564338235294118 0.4293300653594771 0.7527573529411765 0.4252450980392157 0.727328431372549 0.42810457516339867 0.7110906862745098 0.45179738562091504 0.7055759803921569 0.48447712418300654 0.7043504901960784
18 0.6621732026143791 0.4497549019607843 0.6687091503267973 0.4518995098039216 0.6875 0.46691176470588236 0.6801470588235294 0.4810049019607843 0.6715686274509803 0.4846813725490196 0.6286764705882353 0.48651960784313725 0.6017156862745098 0.4852941176470588 0.5910947712418301 0.4806985294117647 0.5898692810457516 0.46629901960784315 0.5919117647058824 0.46262254901960786 0.5988562091503268 0.45986519607843135 0.5980392156862745 0.453125 0.6617647058823529 0.4497549019607843
18 0.5016339869281046 0.28982843137254904 0.5330882352941176 0.2928921568627451 0.5371732026143791 0.2962622549019608 0.5388071895424836 0.30392156862745096 0.5375816993464052 0.3238357843137255 0.5334967320261438 0.33517156862745096 0.5261437908496732 0.3382352941176471 0.5061274509803921 0.3394607843137255 0.48447712418300654 0.33731617647058826 0.4791666666666667 0.33057598039215685 0.4824346405228758 0.2931985294117647 0.4869281045751634 0.29074754901960786 0.5012254901960784 0.28982843137254904
18 0.7446895424836601 0.5732230392156863 0.7516339869281046 0.5821078431372549 0.7785947712418301 0.5934436274509803 0.7859477124183006 0.59375 0.7969771241830066 0.5876225490196079 0.8002450980392157 0.5879289215686274 0.7912581699346405 0.6056985294117647 0.7839052287581699 0.6096813725490197 0.7696078431372549 0.6121323529411765 0.752859477124183 0.609375 0.7446895424836601 0.6050857843137255 0.7352941176470589 0.5952818627450981 0.7312091503267973 0.5784313725490197 0.7369281045751634 0.5738357843137255 0.744281045751634 0.5732230392156863
18 0.45669934640522875 0.5416666666666666 0.5020424836601307 0.5471813725490197 0.5126633986928104 0.5634191176470589 0.505718954248366 0.5796568627450981 0.5016339869281046 0.5818014705882353 0.49550653594771243 0.5735294117647058 0.4910130718954248 0.5723039215686274 0.4550653594771242 0.5726102941176471 0.43218954248366015 0.5704656862745098 0.4285130718954248 0.5683210784313726 0.42483660130718953 0.5557598039215687 0.42892156862745096 0.5471813725490197 0.4424019607843137 0.5425857843137255 0.4522058823529412 0.5435049019607843 0.4562908496732026 0.5419730392156863
18 0.752859477124183 0.2864583333333333 0.7655228758169934 0.2922794117647059 0.7700163398692811 0.296875 0.7704248366013072 0.3314950980392157 0.7655228758169934 0.33609068627450983 0.741421568627451 0.33639705882352944 0.7238562091503268 0.33609068627450983 0.7136437908496732 0.33118872549019607 0.7124183006535948 0.3238357843137255 0.7156862745098039 0.30361519607843135 0.7107843137254902 0.28952205882352944 0.7132352941176471 0.28707107843137253 0.7234477124183006 0.2858455882352941 0.7524509803921569 0.2864583333333333
18 0.5420751633986928 0.7653186274509803 0.5776143790849673 0.7689950980392157 0.5853758169934641 0.7781862745098039 0.5874183006535948 0.7846200980392157 0.5857843137254902 0.7901348039215687 0.5674019607843137 0.7941176470588235 0.548202614379085 0.7935049019607843 0.5008169934640523 0.796875 0.4848856209150327 0.8014705882352942 0.4673202614379085 0.7996323529411765 0.43790849673202614 0.8002450980392157 0.434640522875817 0.796875 0.431781045751634 0.7827818627450981 0.4362745098039216 0.7738970588235294 0.4485294117647059 0.7717524509803921 0.4526143790849673 0.7680759803921569 0.47058823529411764 0.7702205882352942 0.5155228758169934 0.7674632352941176 0.5212418300653595 0.765625 0.5298202614379085 0.7680759803921569 0.5416666666666666 0.7653186274509803
18 0.6858660130718954 0.29105392156862747 0.7091503267973857 0.29381127450980393 0.7140522875816994 0.29993872549019607 0.7083333333333334 0.3318014705882353 0.7062908496732027 0.33425245098039214 0.696078431372549 0.33609068627450983 0.6662581699346405 0.33578431372549017 0.6609477124183006 0.33026960784313725 0.6646241830065359 0.2935049019607843 0.6678921568627451 0.2916666666666667 0.6854575163398693 0.29105392156862747
18 0.1270424836601307 0.39307598039215685 0.16952614379084968 0.39307598039215685 0.17401960784313725 0.39797794117647056 0.1744281045751634 0.4322916666666667 0.17238562091503268 0.43566176470588236 0.16748366013071894 0.4378063725490196 0.14052287581699346 0.4387254901960784 0.12540849673202614 0.4368872549019608 0.12377450980392157 0.4252450980392157 0.1184640522875817 0.4178921568627451 0.11764705882352941 0.39859068627450983 0.12254901960784313 0.39368872549019607 0.12663398692810457 0.39307598039215685
18 0.2769607843137255 0.43075980392156865 0.2977941176470588 0.4322916666666667 0.30637254901960786 0.4491421568627451 0.30392156862745096 0.46262254901960786 0.29820261437908496 0.4681372549019608 0.2630718954248366 0.47150735294117646 0.2540849673202614 0.47028186274509803 0.25245098039215685 0.4635416666666667 0.24387254901960784 0.45098039215686275 0.24223856209150327 0.43504901960784315 0.24632352941176472 0.43167892156862747 0.27655228758169936 0.43075980392156865
18 0.17238562091503268 0.45557598039215685 0.17933006535947713 0.4635416666666667 0.17524509803921567 0.5015318627450981 0.1715686274509804 0.5036764705882353 0.14338235294117646 0.5058210784313726 0.12622549019607843 0.5052083333333334 0.12173202614379085 0.5018382352941176 0.1156045751633987 0.47732843137254904 0.11968954248366014 0.46047794117647056 0.12459150326797386 0.4580269607843137 0.14215686274509803 0.45618872549019607 0.17197712418300654 0.45557598039215685
18 0.26633986928104575 0.12990196078431374 0.29125816993464054 0.13664215686274508 0.30514705882352944 0.14767156862745098 0.30800653594771243 0.18596813725490197 0.3035130718954248 0.19087009803921567 0.26919934640522875 0.1881127450980392 0.23733660130718953 0.18841911764705882 0.23080065359477125 0.18566176470588236 0.22916666666666666 0.13694852941176472 0.23243464052287582 0.13419117647058823 0.2479575163398693 0.12990196078431374 0.2659313725490196 0.12990196078431374
18 0.21323529411764705 0.453125 0.24101307189542484 0.453125 0.24877450980392157 0.46231617647058826 0.24468954248366012 0.5006127450980392 0.23897058823529413 0.5024509803921569 0.21650326797385622 0.5030637254901961 0.19730392156862744 0.5015318627450981 0.1919934640522876 0.49080882352941174 0.19158496732026145 0.4837622549019608 0.18504901960784315 0.47732843137254904 0.18259803921568626 0.46691176470588236 0.18259803921568626 0.45986519607843135 0.18709150326797386 0.45588235294117646 0.1948529411764706 0.4537377450980392 0.2128267973856209 0.453125
18 0.5118464052287581 0.43903186274509803 0.5678104575163399 0.43903186274509803 0.5812908496732027 0.4414828431372549 0.5959967320261438 0.45588235294117646 0.5951797385620915 0.45986519607843135 0.5857843137254902 0.47028186274509803 0.5853758169934641 0.47671568627450983 0.5812908496732027 0.4834558823529412 0.5751633986928104 0.48651960784313725 0.5600490196078431 0.48743872549019607 0.553921568627451 0.48590686274509803 0.5490196078431373 0.4883578431372549 0.5290032679738562 0.4886642156862745 0.5220588235294118 0.48651960784313725 0.5102124183006536 0.4895833333333333 0.4950980392156863 0.48743872549019607 0.4897875816993464 0.4810049019607843 0.4897875816993464 0.45588235294117646 0.48651960784313725 0.4427083333333333 0.497140522875817 0.43964460784313725 0.511437908496732 0.43933823529411764
18 0.16299019607843138 0.12714460784313725 0.176062091503268 0.12714460784313725 0.20588235294117646 0.1323529411764706 0.2267156862745098 0.14399509803921567 0.22508169934640523 0.18198529411764705 0.2238562091503268 0.18627450980392157 0.22058823529411764 0.1875 0.1503267973856209 0.18382352941176472 0.14419934640522875 0.13143382352941177 0.14665032679738563 0.12867647058823528 0.16258169934640523 0.12714460784313725
18 0.41544117647058826 0.4206495098039216 0.4591503267973856 0.4212622549019608 0.4673202614379085 0.42861519607843135 0.4709967320261438 0.43504901960784315 0.46977124183006536 0.4378063725490196 0.45588235294117646 0.4408700980392157 0.42606209150326796 0.4430147058823529 0.40645424836601307 0.4417892156862745 0.3819444444444444 0.44454656862745096 0.37663398692810457 0.44362745098039214 0.3700980392156863 0.4387254901960784 0.3680555555555556 0.42830882352941174 0.3709150326797386 0.42371323529411764 0.3815359477124183 0.4212622549019608 0.4150326797385621 0.4206495098039216
18 0.2062908496732026 0.6084558823529411 0.21037581699346405 0.6127450980392157 0.21119281045751634 0.6262254901960784 0.2107843137254902 0.6393995098039216 0.2062908496732026 0.6446078431372549 0.19281045751633988 0.6482843137254902 0.17851307189542484 0.6479779411764706 0.16830065359477125 0.6516544117647058 0.1454248366013072 0.6513480392156863 0.14011437908496732 0.649203431372549 0.13398692810457516 0.6522671568627451 0.12009803921568628 0.6534926470588235 0.1090686274509804 0.6473651960784313 0.10212418300653595 0.6397058823529411 0.10212418300653595 0.6299019607843137 0.10947712418300654 0.6151960784313726 0.12418300653594772 0.6124387254901961 0.14052287581699346 0.6130514705882353 0.20588235294117646 0.6084558823529411
18 0.3174019607843137 0.4525122549019608 0.36642156862745096 0.45496323529411764 0.3729575163398693 0.46017156862745096 0.3815359477124183 0.4733455882352941 0.38112745098039214 0.4852941176470588 0.3762254901960784 0.49203431372549017 0.36233660130718953 0.4963235294117647 0.3366013071895425 0.49785539215686275 0.3206699346405229 0.4947916666666667 0.31413398692810457 0.4895833333333333 0.309640522875817 0.4739583333333333 0.3088235294117647 0.45618872549019607 0.31209150326797386 0.4528186274509804 0.31699346405228757 0.4525122549019608
18 0.2708333333333333 0.28278186274509803 0.28022875816993464 0.2858455882352941 0.2847222222222222 0.28982843137254904 0.2900326797385621 0.3314950980392157 0.27941176470588236 0.3385416666666667 0.2659313725490196 0.3397671568627451 0.23733660130718953 0.3391544117647059 0.2275326797385621 0.33486519607843135 0.22508169934640523 0.3287377450980392 0.22426470588235295 0.30361519607843135 0.22630718954248366 0.28952205882352944 0.23080065359477125 0.2846200980392157 0.24632352941176472 0.2824754901960784 0.2704248366013072 0.28278186274509803
18 0.11764705882352941 0.2815563725490196 0.14419934640522875 0.29105392156862747 0.14991830065359477 0.2965686274509804 0.1474673202614379 0.3314950980392157 0.14052287581699346 0.3385416666666667 0.12745098039215685 0.34068627450980393 0.08946078431372549 0.3391544117647059 0.07679738562091504 0.31495098039215685 0.07679738562091504 0.3005514705882353 0.08537581699346405 0.2931985294117647 0.08660130718954248 0.28921568627450983 0.09844771241830065 0.28125 0.11723856209150327 0.2815563725490196
18 0.37745098039215685 0.7068014705882353 0.3868464052287582 0.7092524509803921 0.3909313725490196 0.7159926470588235 0.3901143790849673 0.734375 0.3929738562091503 0.7490808823529411 0.3868464052287582 0.7616421568627451 0.3831699346405229 0.7637867647058824 0.352124183006536 0.7616421568627451 0.3276143790849673 0.7674632352941176 0.2908496732026144 0.7705269607843137 0.2757352941176471 0.7693014705882353 0.2647058823529412 0.7591911764705882 0.2659313725490196 0.7377450980392157 0.2761437908496732 0.7141544117647058 0.28308823529411764 0.7113970588235294 0.29983660130718953 0.7113970588235294 0.3104575163398693 0.7086397058823529 0.33169934640522875 0.7104779411764706 0.3382352941176471 0.7086397058823529 0.3598856209150327 0.7092524509803921 0.3660130718954248 0.7068014705882353 0.3770424836601307 0.7068014705882353
18 0.752859477124183 0.14552696078431374 0.7794117647058824 0.14705882352941177 0.7871732026143791 0.15042892156862744 0.7900326797385621 0.15441176470588236 0.7933006535947712 0.18106617647058823 0.7916666666666666 0.19301470588235295 0.7863562091503268 0.19944852941176472 0.7765522875816994 0.20036764705882354 0.7418300653594772 0.19730392156862744 0.7377450980392157 0.19301470588235295 0.7377450980392157 0.14736519607843138 0.7524509803921569 0.14552696078431374
18 0.6531862745098039 0.7294730392156863 0.6670751633986928 0.7306985294117647 0.6744281045751634 0.7346813725490197 0.6879084967320261 0.7481617647058824 0.7058823529411765 0.772671568627451 0.7030228758169934 0.7766544117647058 0.6944444444444444 0.7766544117647058 0.6785130718954249 0.7821691176470589 0.6380718954248366 0.7830882352941176 0.6299019607843137 0.7827818627450981 0.6262254901960784 0.7800245098039216 0.6213235294117647 0.7689950980392157 0.608251633986928 0.7506127450980392 0.6033496732026143 0.7368259803921569 0.6098856209150327 0.7331495098039216 0.6527777777777778 0.7294730392156863
18 0.4505718954248366 0.2849264705882353 0.46486928104575165 0.2855392156862745 0.4701797385620915 0.28768382352941174 0.4750816993464052 0.2935049019607843 0.47671568627450983 0.3002450980392157 0.4730392156862745 0.33517156862745096 0.46691176470588236 0.33792892156862747 0.4493464052287582 0.3388480392156863 0.42810457516339867 0.33731617647058826 0.4215686274509804 0.33486519607843135 0.4170751633986928 0.3079044117647059 0.41830065359477125 0.2931985294117647 0.42197712418300654 0.28982843137254904 0.45016339869281047 0.2849264705882353
18 0.1919934640522876 0.28308823529411764 0.20261437908496732 0.28400735294117646 0.2173202614379085 0.28860294117647056 0.2222222222222222 0.31066176470588236 0.2222222222222222 0.32598039215686275 0.21609477124183007 0.33578431372549017 0.19607843137254902 0.3397671568627451 0.16094771241830066 0.3382352941176471 0.15727124183006536 0.3327205882352941 0.15359477124183007 0.31464460784313725 0.1527777777777778 0.29963235294117646 0.1568627450980392 0.28952205882352944 0.1715686274509804 0.28278186274509803 0.19158496732026145 0.28308823529411764
18 0.39052287581699346 0.5701593137254902 0.39869281045751637 0.5707720588235294 0.4056372549019608 0.5741421568627451 0.4166666666666667 0.5909926470588235 0.4117647058823529 0.616421568627451 0.40604575163398693 0.6228553921568627 0.4019607843137255 0.633578431372549 0.39419934640522875 0.6372549019607843 0.3799019607843137 0.6360294117647058 0.37336601307189543 0.6403186274509803 0.35947712418300654 0.640625 0.3562091503267974 0.633578431372549 0.3508986928104575 0.6302083333333334 0.3570261437908497 0.6265318627450981 0.35171568627450983 0.6243872549019608 0.34558823529411764 0.6265318627450981 0.3410947712418301 0.6360294117647058 0.3443627450980392 0.6403186274509803 0.33986928104575165 0.6403186274509803 0.33169934640522875 0.6369485294117647 0.33088235294117646 0.6299019607843137 0.3243464052287582 0.6231617647058824 0.32189542483660133 0.6127450980392157 0.32189542483660133 0.5916053921568627 0.3194444444444444 0.5848651960784313 0.3214869281045752 0.5775122549019608 0.32802287581699346 0.5747549019607843 0.34681372549019607 0.5750612745098039 0.3901143790849673 0.5704656862745098
18 0.5330882352941176 0.1412377450980392 0.5686274509803921 0.14368872549019607 0.5727124183006536 0.14736519607843138 0.5772058823529411 0.18903186274509803 0.5727124183006536 0.19332107843137256 0.5665849673202614 0.1948529411764706 0.5285947712418301 0.19424019607843138 0.5236928104575164 0.19301470588235295 0.5200163398692811 0.18933823529411764 0.5179738562091504 0.14736519607843138 0.5220588235294118 0.14246323529411764 0.5326797385620915 0.1412377450980392
18 0.3088235294117647 0.5775122549019608 0.3161764705882353 0.6004901960784313 0.3145424836601307 0.616421568627451 0.30637254901960786 0.6403186274509803 0.2957516339869281 0.6439950980392157 0.2863562091503268 0.6433823529411765 0.272875816993464 0.6461397058823529 0.2520424836601307 0.6470588235294118 0.2340686274509804 0.6443014705882353 0.22344771241830066 0.6271446078431373 0.22303921568627452 0.6204044117647058 0.2267156862745098 0.6121323529411765 0.2201797385620915 0.5974264705882353 0.21977124183006536 0.5845588235294118 0.22998366013071894 0.5805759803921569 0.3084150326797386 0.5775122549019608
18 0.47058823529411764 0.43995098039215685 0.4791666666666667 0.4424019607843137 0.4881535947712418 0.4540441176470588 0.4889705882352941 0.4678308823529412 0.48447712418300654 0.4856004901960784 0.4803921568627451 0.4886642156862745 0.4632352941176471 0.49111519607843135 0.4591503267973856 0.4895833333333333 0.45588235294117646 0.4849877450980392 0.4477124183006536 0.49142156862745096 0.4150326797385621 0.49295343137254904 0.39624183006535946 0.49234068627450983 0.38929738562091504 0.4883578431372549 0.3790849673202614 0.46047794117647056 0.377859477124183 0.4518995098039216 0.3799019607843137 0.44699754901960786 0.3901143790849673 0.44393382352941174 0.4701797385620915 0.43995098039215685
18 0.39624183006535946 0.28707107843137253 0.4076797385620915 0.2864583333333333 0.41544117647058826 0.29963235294117646 0.4150326797385621 0.33547794117647056 0.4105392156862745 0.33792892156862747 0.39869281045751637 0.3394607843137255 0.36968954248366015 0.3388480392156863 0.3660130718954248 0.33670343137254904 0.36151960784313725 0.3314950980392157 0.35947712418300654 0.31004901960784315 0.35947712418300654 0.2919730392156863 0.3741830065359477 0.28829656862745096 0.3958333333333333 0.28707107843137253
18 0.6437908496732027 0.14185049019607843 0.670751633986928 0.14246323529411764 0.6785130718954249 0.14736519607843138 0.6764705882352942 0.19240196078431374 0.673202614379085 0.19607843137254902 0.6650326797385621 0.19730392156862744 0.6254084967320261 0.19669117647058823 0.6184640522875817 0.19270833333333334 0.6209150326797386 0.14644607843137256 0.6258169934640523 0.14276960784313725 0.6433823529411765 0.14185049019607843
18 0.5743464052287581 0.5808823529411765 0.5812908496732027 0.585171568627451 0.5919117647058824 0.600796568627451 0.5898692810457516 0.6161151960784313 0.5784313725490197 0.6240808823529411 0.5498366013071896 0.6271446078431373 0.5310457516339869 0.6265318627450981 0.5187908496732027 0.6234681372549019 0.5151143790849673 0.6204044117647058 0.5089869281045751 0.6053921568627451 0.5089869281045751 0.5848651960784313 0.511437908496732 0.5833333333333334 0.5318627450980392 0.5842524509803921 0.573937908496732 0.5808823529411765
18 0.43790849673202614 0.13633578431372548 0.4464869281045752 0.1403186274509804 0.4522058823529412 0.15104166666666666 0.4526143790849673 0.18566176470588236 0.4505718954248366 0.18964460784313725 0.44362745098039214 0.19301470588235295 0.414624183006536 0.19148284313725492 0.40032679738562094 0.19270833333333334 0.3897058823529412 0.19025735294117646 0.38439542483660133 0.18198529411764705 0.3852124183006536 0.13970588235294118 0.39338235294117646 0.13633578431372548 0.4375 0.13633578431372548
18 0.6797385620915033 0.5704656862745098 0.7066993464052288 0.5741421568627451 0.7242647058823529 0.5848651960784313 0.7238562091503268 0.5894607843137255 0.7136437908496732 0.6032475490196079 0.7058823529411765 0.6099877450980392 0.6944444444444444 0.6127450980392157 0.6887254901960784 0.6127450980392157 0.6674836601307189 0.6063112745098039 0.6597222222222222 0.6020220588235294 0.6552287581699346 0.5949754901960784 0.6531862745098039 0.5814950980392157 0.6556372549019608 0.5778186274509803 0.6674836601307189 0.5707720588235294 0.6793300653594772 0.5704656862745098
18 0.7352941176470589 0.725796568627451 0.7450980392156863 0.7276348039215687 0.7602124183006536 0.7352941176470589 0.7761437908496732 0.7475490196078431 0.7814542483660131 0.7561274509803921 0.7888071895424836 0.7613357843137255 0.7892156862745098 0.765625 0.7679738562091504 0.774203431372549 0.7418300653594772 0.7732843137254902 0.7201797385620915 0.7751225490196079 0.7091503267973857 0.7738970588235294 0.6981209150326797 0.7604166666666666 0.6968954248366013 0.7478553921568627 0.690359477124183 0.7365196078431373 0.690359477124183 0.7306985294117647 0.6956699346405228 0.7282475490196079 0.7140522875816994 0.7288602941176471 0.7348856209150327 0.725796568627451
18 0.33088235294117646 0.1332720588235294 0.37336601307189543 0.13572303921568626 0.3815359477124183 0.1400122549019608 0.38031045751633985 0.18566176470588236 0.37663398692810457 0.18933823529411764 0.36764705882352944 0.19056372549019607 0.3206699346405229 0.18964460784313725 0.3137254901960784 0.18474264705882354 0.309640522875817 0.15992647058823528 0.31004901960784315 0.14399509803921567 0.3174019607843137 0.13572303921568626 0.3304738562091503 0.1332720588235294
18 0.5069444444444444 0.6954656862745098 0.5155228758169934 0.6985294117647058 0.5473856209150327 0.6982230392156863 0.553921568627451 0.7095588235294118 0.5637254901960784 0.7169117647058824 0.5694444444444444 0.7303921568627451 0.5645424836601307 0.741421568627451 0.5612745098039216 0.7460171568627451 0.5535130718954249 0.7506127450980392 0.5420751633986928 0.7521446078431373 0.5179738562091504 0.7503063725490197 0.511437908496732 0.7484681372549019 0.5053104575163399 0.7435661764705882 0.4934640522875817 0.7080269607843137 0.49264705882352944 0.6991421568627451 0.49754901960784315 0.6963848039215687 0.5065359477124183 0.6954656862745098
18 0.10702614379084967 0.1253063725490196 0.13684640522875818 0.12959558823529413 0.1417483660130719 0.13357843137254902 0.14624183006535948 0.15196078431372548 0.14624183006535948 0.18259803921568626 0.1437908496732026 0.18566176470588236 0.07679738562091504 0.18382352941176472 0.07148692810457516 0.18167892156862744 0.068218954248366 0.1721813725490196 0.06699346405228758 0.12990196078431374 0.07107843137254902 0.12745098039215685 0.10661764705882353 0.1253063725490196
18 0.696078431372549 0.14552696078431374 0.7340686274509803 0.14644607843137256 0.7369281045751634 0.15134803921568626 0.7352941176470589 0.19270833333333334 0.7295751633986928 0.19699754901960784 0.6997549019607843 0.19822303921568626 0.6834150326797386 0.19669117647058823 0.6809640522875817 0.19240196078431374 0.6809640522875817 0.15012254901960784 0.6850490196078431 0.14675245098039216 0.6956699346405228 0.14552696078431374
18 0.2238562091503268 0.3946078431372549 0.2340686274509804 0.3958333333333333 0.23774509803921567 0.39920343137254904 0.2369281045751634 0.42401960784313725 0.23366013071895425 0.4362745098039216 0.22794117647058823 0.4381127450980392 0.19158496732026145 0.4371936274509804 0.18872549019607843 0.4252450980392157 0.1830065359477124 0.41544117647058826 0.18259803921568626 0.4074754901960784 0.19240196078431374 0.39981617647058826 0.2013888888888889 0.40012254901960786 0.22344771241830066 0.3949142156862745
18 0.35947712418300654 0.7628676470588235 0.3660130718954248 0.7643995098039216 0.37050653594771243 0.7689950980392157 0.37173202614379086 0.7794117647058824 0.3799019607843137 0.7984068627450981 0.37663398692810457 0.8017769607843137 0.37050653594771243 0.8036151960784313 0.36968954248366015 0.8069852941176471 0.37949346405228757 0.8082107843137255 0.38031045751633985 0.8143382352941176 0.3464052287581699 0.8201593137254902 0.25245098039215685 0.8284313725490197 0.2406045751633987 0.8284313725490197 0.2369281045751634 0.8253676470588235 0.23815359477124182 0.821078431372549 0.25857843137254904 0.8189338235294118 0.26348039215686275 0.8152573529411765 0.255718954248366 0.8109681372549019 0.24101307189542484 0.8112745098039216 0.23651960784313725 0.8072916666666666 0.2340686274509804 0.7919730392156863 0.238562091503268 0.7794117647058824 0.2434640522875817 0.7757352941176471 0.2965686274509804 0.7702205882352942 0.3137254901960784 0.7708333333333334 0.3341503267973856 0.7650122549019608 0.3590686274509804 0.7628676470588235
18 0.3035130718954248 0.2806372549019608 0.3321078431372549 0.28125 0.3459967320261438 0.2864583333333333 0.34967320261437906 0.2928921568627451 0.35171568627450983 0.30974264705882354 0.35171568627450983 0.3284313725490196 0.3488562091503268 0.33700980392156865 0.34354575163398693 0.3388480392156863 0.306781045751634 0.3394607843137255 0.2965686274509804 0.33547794117647056 0.29248366013071897 0.3241421568627451 0.28880718954248363 0.2959558823529412 0.2920751633986928 0.2846200980392157 0.30310457516339867 0.2809436274509804
18 0.7749183006535948 0.5496323529411765 0.798202614379085 0.5533088235294118 0.8125 0.5597426470588235 0.815359477124183 0.5637254901960784 0.8043300653594772 0.5845588235294118 0.7965686274509803 0.5931372549019608 0.7896241830065359 0.5940563725490197 0.7724673202614379 0.5919117647058824 0.7508169934640523 0.5830269607843137 0.7475490196078431 0.5799632352941176 0.7401960784313726 0.5606617647058824 0.7450980392156863 0.553921568627451 0.7553104575163399 0.5496323529411765 0.7745098039215687 0.5496323529411765